id	label	model
12764	Society	enhanced_cascade_cv(banglabert->enhanced_banglabert)
202933	None	enhanced_cascade_cv(banglabert->enhanced_banglabert)
165894	None	enhanced_cascade_cv(banglabert->enhanced_banglabert)
124999	Community	enhanced_cascade_cv(banglabert->enhanced_banglabert)
535301	Individual	enhanced_cascade_cv(banglabert->enhanced_banglabert)
432948	Individual	enhanced_cascade_cv(banglabert->enhanced_banglabert)
34737	None	enhanced_cascade_cv(banglabert->enhanced_banglabert)
377091	Community	enhanced_cascade_cv(banglabert->enhanced_banglabert)
840467	None	enhanced_cascade_cv(banglabert->enhanced_banglabert)
361701	None	enhanced_cascade_cv(banglabert->enhanced_banglabert)
184161	None	enhanced_cascade_cv(banglabert->enhanced_banglabert)
531785	None	enhanced_cascade_cv(banglabert->enhanced_banglabert)
402930	None	enhanced_cascade_cv(banglabert->enhanced_banglabert)
578332	Organization	enhanced_cascade_cv(banglabert->enhanced_banglabert)
723077	Society	enhanced_cascade_cv(banglabert->enhanced_banglabert)
776755	Society	enhanced_cascade_cv(banglabert->enhanced_banglabert)
587800	Individual	enhanced_cascade_cv(banglabert->enhanced_banglabert)
869387	None	enhanced_cascade_cv(banglabert->enhanced_banglabert)
620490	Organization	enhanced_cascade_cv(banglabert->enhanced_banglabert)
241030	Organization	enhanced_cascade_cv(banglabert->enhanced_banglabert)
764029	Community	enhanced_cascade_cv(banglabert->enhanced_banglabert)
174711	None	enhanced_cascade_cv(banglabert->enhanced_banglabert)
65995	Individual	enhanced_cascade_cv(banglabert->enhanced_banglabert)
871343	None	enhanced_cascade_cv(banglabert->enhanced_banglabert)
715822	None	enhanced_cascade_cv(banglabert->enhanced_banglabert)
106487	None	enhanced_cascade_cv(banglabert->enhanced_banglabert)
764737	None	enhanced_cascade_cv(banglabert->enhanced_banglabert)
917460	None	enhanced_cascade_cv(banglabert->enhanced_banglabert)
531356	None	enhanced_cascade_cv(banglabert->enhanced_banglabert)
266651	Organization	enhanced_cascade_cv(banglabert->enhanced_banglabert)
739854	None	enhanced_cascade_cv(banglabert->enhanced_banglabert)
266764	None	enhanced_cascade_cv(banglabert->enhanced_banglabert)
73332	None	enhanced_cascade_cv(banglabert->enhanced_banglabert)
760242	Individual	enhanced_cascade_cv(banglabert->enhanced_banglabert)
320758	None	enhanced_cascade_cv(banglabert->enhanced_banglabert)
609567	None	enhanced_cascade_cv(banglabert->enhanced_banglabert)
16555	Individual	enhanced_cascade_cv(banglabert->enhanced_banglabert)
404893	Organization	enhanced_cascade_cv(banglabert->enhanced_banglabert)
357862	None	enhanced_cascade_cv(banglabert->enhanced_banglabert)
624326	None	enhanced_cascade_cv(banglabert->enhanced_banglabert)
364169	Community	enhanced_cascade_cv(banglabert->enhanced_banglabert)
631673	None	enhanced_cascade_cv(banglabert->enhanced_banglabert)
105543	Individual	enhanced_cascade_cv(banglabert->enhanced_banglabert)
699006	None	enhanced_cascade_cv(banglabert->enhanced_banglabert)
701268	None	enhanced_cascade_cv(banglabert->enhanced_banglabert)
742298	Individual	enhanced_cascade_cv(banglabert->enhanced_banglabert)
643737	Community	enhanced_cascade_cv(banglabert->enhanced_banglabert)
689092	None	enhanced_cascade_cv(banglabert->enhanced_banglabert)
563553	Society	enhanced_cascade_cv(banglabert->enhanced_banglabert)
662932	None	enhanced_cascade_cv(banglabert->enhanced_banglabert)
473263	Community	enhanced_cascade_cv(banglabert->enhanced_banglabert)
422168	None	enhanced_cascade_cv(banglabert->enhanced_banglabert)
862941	None	enhanced_cascade_cv(banglabert->enhanced_banglabert)
342937	Organization	enhanced_cascade_cv(banglabert->enhanced_banglabert)
178372	Individual	enhanced_cascade_cv(banglabert->enhanced_banglabert)
916768	None	enhanced_cascade_cv(banglabert->enhanced_banglabert)
215239	Community	enhanced_cascade_cv(banglabert->enhanced_banglabert)
763206	Individual	enhanced_cascade_cv(banglabert->enhanced_banglabert)
666182	None	enhanced_cascade_cv(banglabert->enhanced_banglabert)
503048	Organization	enhanced_cascade_cv(banglabert->enhanced_banglabert)
519953	Individual	enhanced_cascade_cv(banglabert->enhanced_banglabert)
679666	None	enhanced_cascade_cv(banglabert->enhanced_banglabert)
237037	None	enhanced_cascade_cv(banglabert->enhanced_banglabert)
561654	None	enhanced_cascade_cv(banglabert->enhanced_banglabert)
335959	None	enhanced_cascade_cv(banglabert->enhanced_banglabert)
672138	None	enhanced_cascade_cv(banglabert->enhanced_banglabert)
705318	None	enhanced_cascade_cv(banglabert->enhanced_banglabert)
251010	None	enhanced_cascade_cv(banglabert->enhanced_banglabert)
50757	None	enhanced_cascade_cv(banglabert->enhanced_banglabert)
708711	Society	enhanced_cascade_cv(banglabert->enhanced_banglabert)
379033	None	enhanced_cascade_cv(banglabert->enhanced_banglabert)
356889	None	enhanced_cascade_cv(banglabert->enhanced_banglabert)
380864	None	enhanced_cascade_cv(banglabert->enhanced_banglabert)
357388	None	enhanced_cascade_cv(banglabert->enhanced_banglabert)
237264	None	enhanced_cascade_cv(banglabert->enhanced_banglabert)
785645	None	enhanced_cascade_cv(banglabert->enhanced_banglabert)
10221	Organization	enhanced_cascade_cv(banglabert->enhanced_banglabert)
51427	None	enhanced_cascade_cv(banglabert->enhanced_banglabert)
327009	None	enhanced_cascade_cv(banglabert->enhanced_banglabert)
72638	None	enhanced_cascade_cv(banglabert->enhanced_banglabert)
454694	Community	enhanced_cascade_cv(banglabert->enhanced_banglabert)
531585	None	enhanced_cascade_cv(banglabert->enhanced_banglabert)
905729	None	enhanced_cascade_cv(banglabert->enhanced_banglabert)
826344	None	enhanced_cascade_cv(banglabert->enhanced_banglabert)
622615	Organization	enhanced_cascade_cv(banglabert->enhanced_banglabert)
341026	Society	enhanced_cascade_cv(banglabert->enhanced_banglabert)
756812	None	enhanced_cascade_cv(banglabert->enhanced_banglabert)
446998	None	enhanced_cascade_cv(banglabert->enhanced_banglabert)
507755	Individual	enhanced_cascade_cv(banglabert->enhanced_banglabert)
252185	None	enhanced_cascade_cv(banglabert->enhanced_banglabert)
677872	Individual	enhanced_cascade_cv(banglabert->enhanced_banglabert)
573406	None	enhanced_cascade_cv(banglabert->enhanced_banglabert)
708512	None	enhanced_cascade_cv(banglabert->enhanced_banglabert)
35865	Organization	enhanced_cascade_cv(banglabert->enhanced_banglabert)
521314	None	enhanced_cascade_cv(banglabert->enhanced_banglabert)
629720	None	enhanced_cascade_cv(banglabert->enhanced_banglabert)
579590	None	enhanced_cascade_cv(banglabert->enhanced_banglabert)
420676	None	enhanced_cascade_cv(banglabert->enhanced_banglabert)
888468	Individual	enhanced_cascade_cv(banglabert->enhanced_banglabert)
507098	None	enhanced_cascade_cv(banglabert->enhanced_banglabert)
33791	None	enhanced_cascade_cv(banglabert->enhanced_banglabert)
628771	None	enhanced_cascade_cv(banglabert->enhanced_banglabert)
197579	Organization	enhanced_cascade_cv(banglabert->enhanced_banglabert)
228413	None	enhanced_cascade_cv(banglabert->enhanced_banglabert)
607208	Individual	enhanced_cascade_cv(banglabert->enhanced_banglabert)
482851	Individual	enhanced_cascade_cv(banglabert->enhanced_banglabert)
641065	None	enhanced_cascade_cv(banglabert->enhanced_banglabert)
154089	None	enhanced_cascade_cv(banglabert->enhanced_banglabert)
21246	None	enhanced_cascade_cv(banglabert->enhanced_banglabert)
99970	None	enhanced_cascade_cv(banglabert->enhanced_banglabert)
243706	Organization	enhanced_cascade_cv(banglabert->enhanced_banglabert)
366232	None	enhanced_cascade_cv(banglabert->enhanced_banglabert)
799431	Community	enhanced_cascade_cv(banglabert->enhanced_banglabert)
151836	Individual	enhanced_cascade_cv(banglabert->enhanced_banglabert)
384383	None	enhanced_cascade_cv(banglabert->enhanced_banglabert)
430350	Individual	enhanced_cascade_cv(banglabert->enhanced_banglabert)
321512	None	enhanced_cascade_cv(banglabert->enhanced_banglabert)
791877	None	enhanced_cascade_cv(banglabert->enhanced_banglabert)
369126	Community	enhanced_cascade_cv(banglabert->enhanced_banglabert)
769210	None	enhanced_cascade_cv(banglabert->enhanced_banglabert)
389866	None	enhanced_cascade_cv(banglabert->enhanced_banglabert)
124392	None	enhanced_cascade_cv(banglabert->enhanced_banglabert)
111565	Community	enhanced_cascade_cv(banglabert->enhanced_banglabert)
87928	Organization	enhanced_cascade_cv(banglabert->enhanced_banglabert)
507897	None	enhanced_cascade_cv(banglabert->enhanced_banglabert)
284276	None	enhanced_cascade_cv(banglabert->enhanced_banglabert)
211557	None	enhanced_cascade_cv(banglabert->enhanced_banglabert)
407528	Community	enhanced_cascade_cv(banglabert->enhanced_banglabert)
656024	None	enhanced_cascade_cv(banglabert->enhanced_banglabert)
163256	None	enhanced_cascade_cv(banglabert->enhanced_banglabert)
701482	None	enhanced_cascade_cv(banglabert->enhanced_banglabert)
28613	None	enhanced_cascade_cv(banglabert->enhanced_banglabert)
393451	None	enhanced_cascade_cv(banglabert->enhanced_banglabert)
130986	None	enhanced_cascade_cv(banglabert->enhanced_banglabert)
47847	None	enhanced_cascade_cv(banglabert->enhanced_banglabert)
474831	None	enhanced_cascade_cv(banglabert->enhanced_banglabert)
262358	Organization	enhanced_cascade_cv(banglabert->enhanced_banglabert)
809182	None	enhanced_cascade_cv(banglabert->enhanced_banglabert)
912597	None	enhanced_cascade_cv(banglabert->enhanced_banglabert)
491193	None	enhanced_cascade_cv(banglabert->enhanced_banglabert)
605569	None	enhanced_cascade_cv(banglabert->enhanced_banglabert)
380424	None	enhanced_cascade_cv(banglabert->enhanced_banglabert)
603456	Individual	enhanced_cascade_cv(banglabert->enhanced_banglabert)
107100	Organization	enhanced_cascade_cv(banglabert->enhanced_banglabert)
626831	None	enhanced_cascade_cv(banglabert->enhanced_banglabert)
447213	None	enhanced_cascade_cv(banglabert->enhanced_banglabert)
697862	None	enhanced_cascade_cv(banglabert->enhanced_banglabert)
91497	Organization	enhanced_cascade_cv(banglabert->enhanced_banglabert)
652526	None	enhanced_cascade_cv(banglabert->enhanced_banglabert)
24792	None	enhanced_cascade_cv(banglabert->enhanced_banglabert)
571083	Individual	enhanced_cascade_cv(banglabert->enhanced_banglabert)
890268	Individual	enhanced_cascade_cv(banglabert->enhanced_banglabert)
5297	None	enhanced_cascade_cv(banglabert->enhanced_banglabert)
920594	Organization	enhanced_cascade_cv(banglabert->enhanced_banglabert)
172944	Community	enhanced_cascade_cv(banglabert->enhanced_banglabert)
624079	None	enhanced_cascade_cv(banglabert->enhanced_banglabert)
770329	None	enhanced_cascade_cv(banglabert->enhanced_banglabert)
692607	Community	enhanced_cascade_cv(banglabert->enhanced_banglabert)
3052	Society	enhanced_cascade_cv(banglabert->enhanced_banglabert)
844455	Individual	enhanced_cascade_cv(banglabert->enhanced_banglabert)
814896	Individual	enhanced_cascade_cv(banglabert->enhanced_banglabert)
110591	Organization	enhanced_cascade_cv(banglabert->enhanced_banglabert)
180575	None	enhanced_cascade_cv(banglabert->enhanced_banglabert)
254322	None	enhanced_cascade_cv(banglabert->enhanced_banglabert)
574720	None	enhanced_cascade_cv(banglabert->enhanced_banglabert)
622377	None	enhanced_cascade_cv(banglabert->enhanced_banglabert)
623083	Organization	enhanced_cascade_cv(banglabert->enhanced_banglabert)
668718	Community	enhanced_cascade_cv(banglabert->enhanced_banglabert)
633172	None	enhanced_cascade_cv(banglabert->enhanced_banglabert)
6790	None	enhanced_cascade_cv(banglabert->enhanced_banglabert)
850984	Organization	enhanced_cascade_cv(banglabert->enhanced_banglabert)
500524	Organization	enhanced_cascade_cv(banglabert->enhanced_banglabert)
581344	None	enhanced_cascade_cv(banglabert->enhanced_banglabert)
654769	None	enhanced_cascade_cv(banglabert->enhanced_banglabert)
706547	None	enhanced_cascade_cv(banglabert->enhanced_banglabert)
603782	None	enhanced_cascade_cv(banglabert->enhanced_banglabert)
302171	None	enhanced_cascade_cv(banglabert->enhanced_banglabert)
744717	None	enhanced_cascade_cv(banglabert->enhanced_banglabert)
512972	None	enhanced_cascade_cv(banglabert->enhanced_banglabert)
781353	None	enhanced_cascade_cv(banglabert->enhanced_banglabert)
384814	None	enhanced_cascade_cv(banglabert->enhanced_banglabert)
15032	None	enhanced_cascade_cv(banglabert->enhanced_banglabert)
251425	Organization	enhanced_cascade_cv(banglabert->enhanced_banglabert)
813466	None	enhanced_cascade_cv(banglabert->enhanced_banglabert)
675844	None	enhanced_cascade_cv(banglabert->enhanced_banglabert)
2583	Society	enhanced_cascade_cv(banglabert->enhanced_banglabert)
659227	None	enhanced_cascade_cv(banglabert->enhanced_banglabert)
169886	None	enhanced_cascade_cv(banglabert->enhanced_banglabert)
381979	None	enhanced_cascade_cv(banglabert->enhanced_banglabert)
299641	Individual	enhanced_cascade_cv(banglabert->enhanced_banglabert)
704171	None	enhanced_cascade_cv(banglabert->enhanced_banglabert)
618279	Community	enhanced_cascade_cv(banglabert->enhanced_banglabert)
641060	None	enhanced_cascade_cv(banglabert->enhanced_banglabert)
562096	None	enhanced_cascade_cv(banglabert->enhanced_banglabert)
318122	Individual	enhanced_cascade_cv(banglabert->enhanced_banglabert)
451639	None	enhanced_cascade_cv(banglabert->enhanced_banglabert)
653504	None	enhanced_cascade_cv(banglabert->enhanced_banglabert)
144836	Society	enhanced_cascade_cv(banglabert->enhanced_banglabert)
426811	Society	enhanced_cascade_cv(banglabert->enhanced_banglabert)
399359	None	enhanced_cascade_cv(banglabert->enhanced_banglabert)
610564	Organization	enhanced_cascade_cv(banglabert->enhanced_banglabert)
246780	None	enhanced_cascade_cv(banglabert->enhanced_banglabert)
838887	None	enhanced_cascade_cv(banglabert->enhanced_banglabert)
144994	None	enhanced_cascade_cv(banglabert->enhanced_banglabert)
854277	None	enhanced_cascade_cv(banglabert->enhanced_banglabert)
865313	None	enhanced_cascade_cv(banglabert->enhanced_banglabert)
578428	None	enhanced_cascade_cv(banglabert->enhanced_banglabert)
187917	None	enhanced_cascade_cv(banglabert->enhanced_banglabert)
348388	Organization	enhanced_cascade_cv(banglabert->enhanced_banglabert)
741123	None	enhanced_cascade_cv(banglabert->enhanced_banglabert)
634544	None	enhanced_cascade_cv(banglabert->enhanced_banglabert)
778366	None	enhanced_cascade_cv(banglabert->enhanced_banglabert)
441000	None	enhanced_cascade_cv(banglabert->enhanced_banglabert)
377994	None	enhanced_cascade_cv(banglabert->enhanced_banglabert)
362805	None	enhanced_cascade_cv(banglabert->enhanced_banglabert)
12475	None	enhanced_cascade_cv(banglabert->enhanced_banglabert)
460383	Community	enhanced_cascade_cv(banglabert->enhanced_banglabert)
870913	Individual	enhanced_cascade_cv(banglabert->enhanced_banglabert)
2715	None	enhanced_cascade_cv(banglabert->enhanced_banglabert)
921356	None	enhanced_cascade_cv(banglabert->enhanced_banglabert)
196647	Organization	enhanced_cascade_cv(banglabert->enhanced_banglabert)
824151	None	enhanced_cascade_cv(banglabert->enhanced_banglabert)
382540	Organization	enhanced_cascade_cv(banglabert->enhanced_banglabert)
1087	None	enhanced_cascade_cv(banglabert->enhanced_banglabert)
380610	None	enhanced_cascade_cv(banglabert->enhanced_banglabert)
416517	None	enhanced_cascade_cv(banglabert->enhanced_banglabert)
456028	Individual	enhanced_cascade_cv(banglabert->enhanced_banglabert)
431471	None	enhanced_cascade_cv(banglabert->enhanced_banglabert)
453235	Organization	enhanced_cascade_cv(banglabert->enhanced_banglabert)
927587	None	enhanced_cascade_cv(banglabert->enhanced_banglabert)
422259	None	enhanced_cascade_cv(banglabert->enhanced_banglabert)
896697	None	enhanced_cascade_cv(banglabert->enhanced_banglabert)
42562	None	enhanced_cascade_cv(banglabert->enhanced_banglabert)
197313	Individual	enhanced_cascade_cv(banglabert->enhanced_banglabert)
690302	Community	enhanced_cascade_cv(banglabert->enhanced_banglabert)
925174	None	enhanced_cascade_cv(banglabert->enhanced_banglabert)
535584	Individual	enhanced_cascade_cv(banglabert->enhanced_banglabert)
931365	Organization	enhanced_cascade_cv(banglabert->enhanced_banglabert)
227393	Individual	enhanced_cascade_cv(banglabert->enhanced_banglabert)
329379	None	enhanced_cascade_cv(banglabert->enhanced_banglabert)
56445	None	enhanced_cascade_cv(banglabert->enhanced_banglabert)
546158	Organization	enhanced_cascade_cv(banglabert->enhanced_banglabert)
258725	None	enhanced_cascade_cv(banglabert->enhanced_banglabert)
175825	None	enhanced_cascade_cv(banglabert->enhanced_banglabert)
937532	None	enhanced_cascade_cv(banglabert->enhanced_banglabert)
833099	None	enhanced_cascade_cv(banglabert->enhanced_banglabert)
321436	None	enhanced_cascade_cv(banglabert->enhanced_banglabert)
755018	None	enhanced_cascade_cv(banglabert->enhanced_banglabert)
798262	Organization	enhanced_cascade_cv(banglabert->enhanced_banglabert)
866278	None	enhanced_cascade_cv(banglabert->enhanced_banglabert)
210321	Organization	enhanced_cascade_cv(banglabert->enhanced_banglabert)
363164	None	enhanced_cascade_cv(banglabert->enhanced_banglabert)
370542	None	enhanced_cascade_cv(banglabert->enhanced_banglabert)
132703	None	enhanced_cascade_cv(banglabert->enhanced_banglabert)
601946	None	enhanced_cascade_cv(banglabert->enhanced_banglabert)
897150	None	enhanced_cascade_cv(banglabert->enhanced_banglabert)
256376	None	enhanced_cascade_cv(banglabert->enhanced_banglabert)
240015	None	enhanced_cascade_cv(banglabert->enhanced_banglabert)
259547	Individual	enhanced_cascade_cv(banglabert->enhanced_banglabert)
67131	None	enhanced_cascade_cv(banglabert->enhanced_banglabert)
923885	Individual	enhanced_cascade_cv(banglabert->enhanced_banglabert)
226135	Individual	enhanced_cascade_cv(banglabert->enhanced_banglabert)
662300	None	enhanced_cascade_cv(banglabert->enhanced_banglabert)
677456	Organization	enhanced_cascade_cv(banglabert->enhanced_banglabert)
485008	Community	enhanced_cascade_cv(banglabert->enhanced_banglabert)
529942	Organization	enhanced_cascade_cv(banglabert->enhanced_banglabert)
914346	None	enhanced_cascade_cv(banglabert->enhanced_banglabert)
298173	Organization	enhanced_cascade_cv(banglabert->enhanced_banglabert)
446809	None	enhanced_cascade_cv(banglabert->enhanced_banglabert)
671424	Individual	enhanced_cascade_cv(banglabert->enhanced_banglabert)
793955	Society	enhanced_cascade_cv(banglabert->enhanced_banglabert)
157776	Organization	enhanced_cascade_cv(banglabert->enhanced_banglabert)
283469	None	enhanced_cascade_cv(banglabert->enhanced_banglabert)
206317	None	enhanced_cascade_cv(banglabert->enhanced_banglabert)
33066	None	enhanced_cascade_cv(banglabert->enhanced_banglabert)
36214	Organization	enhanced_cascade_cv(banglabert->enhanced_banglabert)
683112	None	enhanced_cascade_cv(banglabert->enhanced_banglabert)
831416	Community	enhanced_cascade_cv(banglabert->enhanced_banglabert)
473865	None	enhanced_cascade_cv(banglabert->enhanced_banglabert)
783655	Society	enhanced_cascade_cv(banglabert->enhanced_banglabert)
344565	None	enhanced_cascade_cv(banglabert->enhanced_banglabert)
240377	None	enhanced_cascade_cv(banglabert->enhanced_banglabert)
205517	None	enhanced_cascade_cv(banglabert->enhanced_banglabert)
624990	None	enhanced_cascade_cv(banglabert->enhanced_banglabert)
114646	Individual	enhanced_cascade_cv(banglabert->enhanced_banglabert)
860260	Organization	enhanced_cascade_cv(banglabert->enhanced_banglabert)
321233	None	enhanced_cascade_cv(banglabert->enhanced_banglabert)
287639	None	enhanced_cascade_cv(banglabert->enhanced_banglabert)
698525	None	enhanced_cascade_cv(banglabert->enhanced_banglabert)
640865	None	enhanced_cascade_cv(banglabert->enhanced_banglabert)
493551	None	enhanced_cascade_cv(banglabert->enhanced_banglabert)
329369	None	enhanced_cascade_cv(banglabert->enhanced_banglabert)
687000	Individual	enhanced_cascade_cv(banglabert->enhanced_banglabert)
938515	None	enhanced_cascade_cv(banglabert->enhanced_banglabert)
71327	None	enhanced_cascade_cv(banglabert->enhanced_banglabert)
82872	Organization	enhanced_cascade_cv(banglabert->enhanced_banglabert)
564549	None	enhanced_cascade_cv(banglabert->enhanced_banglabert)
93050	Individual	enhanced_cascade_cv(banglabert->enhanced_banglabert)
684599	None	enhanced_cascade_cv(banglabert->enhanced_banglabert)
923214	None	enhanced_cascade_cv(banglabert->enhanced_banglabert)
712666	None	enhanced_cascade_cv(banglabert->enhanced_banglabert)
516447	None	enhanced_cascade_cv(banglabert->enhanced_banglabert)
789503	None	enhanced_cascade_cv(banglabert->enhanced_banglabert)
126197	Organization	enhanced_cascade_cv(banglabert->enhanced_banglabert)
83510	None	enhanced_cascade_cv(banglabert->enhanced_banglabert)
693378	None	enhanced_cascade_cv(banglabert->enhanced_banglabert)
766830	Community	enhanced_cascade_cv(banglabert->enhanced_banglabert)
917369	Individual	enhanced_cascade_cv(banglabert->enhanced_banglabert)
140689	Community	enhanced_cascade_cv(banglabert->enhanced_banglabert)
828319	None	enhanced_cascade_cv(banglabert->enhanced_banglabert)
441784	Society	enhanced_cascade_cv(banglabert->enhanced_banglabert)
584069	None	enhanced_cascade_cv(banglabert->enhanced_banglabert)
595722	None	enhanced_cascade_cv(banglabert->enhanced_banglabert)
587975	Individual	enhanced_cascade_cv(banglabert->enhanced_banglabert)
737847	None	enhanced_cascade_cv(banglabert->enhanced_banglabert)
355260	None	enhanced_cascade_cv(banglabert->enhanced_banglabert)
208807	None	enhanced_cascade_cv(banglabert->enhanced_banglabert)
698527	Individual	enhanced_cascade_cv(banglabert->enhanced_banglabert)
342704	None	enhanced_cascade_cv(banglabert->enhanced_banglabert)
281083	None	enhanced_cascade_cv(banglabert->enhanced_banglabert)
594110	Individual	enhanced_cascade_cv(banglabert->enhanced_banglabert)
208175	Individual	enhanced_cascade_cv(banglabert->enhanced_banglabert)
536181	Individual	enhanced_cascade_cv(banglabert->enhanced_banglabert)
562508	None	enhanced_cascade_cv(banglabert->enhanced_banglabert)
844368	Organization	enhanced_cascade_cv(banglabert->enhanced_banglabert)
355570	Individual	enhanced_cascade_cv(banglabert->enhanced_banglabert)
576652	None	enhanced_cascade_cv(banglabert->enhanced_banglabert)
230254	Individual	enhanced_cascade_cv(banglabert->enhanced_banglabert)
396913	None	enhanced_cascade_cv(banglabert->enhanced_banglabert)
160607	None	enhanced_cascade_cv(banglabert->enhanced_banglabert)
775615	None	enhanced_cascade_cv(banglabert->enhanced_banglabert)
634523	Organization	enhanced_cascade_cv(banglabert->enhanced_banglabert)
313291	Individual	enhanced_cascade_cv(banglabert->enhanced_banglabert)
631046	Individual	enhanced_cascade_cv(banglabert->enhanced_banglabert)
550426	Individual	enhanced_cascade_cv(banglabert->enhanced_banglabert)
807498	None	enhanced_cascade_cv(banglabert->enhanced_banglabert)
388081	None	enhanced_cascade_cv(banglabert->enhanced_banglabert)
532701	None	enhanced_cascade_cv(banglabert->enhanced_banglabert)
506934	None	enhanced_cascade_cv(banglabert->enhanced_banglabert)
322440	None	enhanced_cascade_cv(banglabert->enhanced_banglabert)
507780	None	enhanced_cascade_cv(banglabert->enhanced_banglabert)
133106	None	enhanced_cascade_cv(banglabert->enhanced_banglabert)
584019	Individual	enhanced_cascade_cv(banglabert->enhanced_banglabert)
474793	Community	enhanced_cascade_cv(banglabert->enhanced_banglabert)
890928	None	enhanced_cascade_cv(banglabert->enhanced_banglabert)
888703	None	enhanced_cascade_cv(banglabert->enhanced_banglabert)
391227	None	enhanced_cascade_cv(banglabert->enhanced_banglabert)
511127	None	enhanced_cascade_cv(banglabert->enhanced_banglabert)
507374	None	enhanced_cascade_cv(banglabert->enhanced_banglabert)
680347	None	enhanced_cascade_cv(banglabert->enhanced_banglabert)
63627	None	enhanced_cascade_cv(banglabert->enhanced_banglabert)
903197	Individual	enhanced_cascade_cv(banglabert->enhanced_banglabert)
938868	None	enhanced_cascade_cv(banglabert->enhanced_banglabert)
675732	None	enhanced_cascade_cv(banglabert->enhanced_banglabert)
482546	None	enhanced_cascade_cv(banglabert->enhanced_banglabert)
675440	None	enhanced_cascade_cv(banglabert->enhanced_banglabert)
115168	None	enhanced_cascade_cv(banglabert->enhanced_banglabert)
352533	Individual	enhanced_cascade_cv(banglabert->enhanced_banglabert)
630861	Individual	enhanced_cascade_cv(banglabert->enhanced_banglabert)
768879	Society	enhanced_cascade_cv(banglabert->enhanced_banglabert)
882539	None	enhanced_cascade_cv(banglabert->enhanced_banglabert)
558518	None	enhanced_cascade_cv(banglabert->enhanced_banglabert)
937312	None	enhanced_cascade_cv(banglabert->enhanced_banglabert)
422059	None	enhanced_cascade_cv(banglabert->enhanced_banglabert)
416662	None	enhanced_cascade_cv(banglabert->enhanced_banglabert)
632696	Community	enhanced_cascade_cv(banglabert->enhanced_banglabert)
203962	None	enhanced_cascade_cv(banglabert->enhanced_banglabert)
857709	None	enhanced_cascade_cv(banglabert->enhanced_banglabert)
793617	None	enhanced_cascade_cv(banglabert->enhanced_banglabert)
486353	None	enhanced_cascade_cv(banglabert->enhanced_banglabert)
635854	None	enhanced_cascade_cv(banglabert->enhanced_banglabert)
84223	None	enhanced_cascade_cv(banglabert->enhanced_banglabert)
150930	None	enhanced_cascade_cv(banglabert->enhanced_banglabert)
156149	None	enhanced_cascade_cv(banglabert->enhanced_banglabert)
772243	Individual	enhanced_cascade_cv(banglabert->enhanced_banglabert)
644418	None	enhanced_cascade_cv(banglabert->enhanced_banglabert)
723392	Society	enhanced_cascade_cv(banglabert->enhanced_banglabert)
717266	None	enhanced_cascade_cv(banglabert->enhanced_banglabert)
75367	Community	enhanced_cascade_cv(banglabert->enhanced_banglabert)
398304	None	enhanced_cascade_cv(banglabert->enhanced_banglabert)
350619	None	enhanced_cascade_cv(banglabert->enhanced_banglabert)
633361	Individual	enhanced_cascade_cv(banglabert->enhanced_banglabert)
545400	None	enhanced_cascade_cv(banglabert->enhanced_banglabert)
184710	Individual	enhanced_cascade_cv(banglabert->enhanced_banglabert)
126450	None	enhanced_cascade_cv(banglabert->enhanced_banglabert)
157874	Community	enhanced_cascade_cv(banglabert->enhanced_banglabert)
268695	None	enhanced_cascade_cv(banglabert->enhanced_banglabert)
443262	Organization	enhanced_cascade_cv(banglabert->enhanced_banglabert)
405050	Organization	enhanced_cascade_cv(banglabert->enhanced_banglabert)
475199	None	enhanced_cascade_cv(banglabert->enhanced_banglabert)
909906	None	enhanced_cascade_cv(banglabert->enhanced_banglabert)
619424	Individual	enhanced_cascade_cv(banglabert->enhanced_banglabert)
338317	Individual	enhanced_cascade_cv(banglabert->enhanced_banglabert)
208842	Community	enhanced_cascade_cv(banglabert->enhanced_banglabert)
297713	Organization	enhanced_cascade_cv(banglabert->enhanced_banglabert)
198549	Individual	enhanced_cascade_cv(banglabert->enhanced_banglabert)
240451	None	enhanced_cascade_cv(banglabert->enhanced_banglabert)
432313	None	enhanced_cascade_cv(banglabert->enhanced_banglabert)
556009	Individual	enhanced_cascade_cv(banglabert->enhanced_banglabert)
291078	None	enhanced_cascade_cv(banglabert->enhanced_banglabert)
647866	None	enhanced_cascade_cv(banglabert->enhanced_banglabert)
885374	Organization	enhanced_cascade_cv(banglabert->enhanced_banglabert)
149363	None	enhanced_cascade_cv(banglabert->enhanced_banglabert)
169573	None	enhanced_cascade_cv(banglabert->enhanced_banglabert)
456507	Individual	enhanced_cascade_cv(banglabert->enhanced_banglabert)
589233	None	enhanced_cascade_cv(banglabert->enhanced_banglabert)
112377	None	enhanced_cascade_cv(banglabert->enhanced_banglabert)
831724	Individual	enhanced_cascade_cv(banglabert->enhanced_banglabert)
5407	None	enhanced_cascade_cv(banglabert->enhanced_banglabert)
15943	Organization	enhanced_cascade_cv(banglabert->enhanced_banglabert)
741246	None	enhanced_cascade_cv(banglabert->enhanced_banglabert)
61405	None	enhanced_cascade_cv(banglabert->enhanced_banglabert)
915869	None	enhanced_cascade_cv(banglabert->enhanced_banglabert)
511267	None	enhanced_cascade_cv(banglabert->enhanced_banglabert)
1471	None	enhanced_cascade_cv(banglabert->enhanced_banglabert)
367605	Community	enhanced_cascade_cv(banglabert->enhanced_banglabert)
174842	Organization	enhanced_cascade_cv(banglabert->enhanced_banglabert)
137391	None	enhanced_cascade_cv(banglabert->enhanced_banglabert)
840729	None	enhanced_cascade_cv(banglabert->enhanced_banglabert)
416127	Individual	enhanced_cascade_cv(banglabert->enhanced_banglabert)
330333	Individual	enhanced_cascade_cv(banglabert->enhanced_banglabert)
670421	None	enhanced_cascade_cv(banglabert->enhanced_banglabert)
242499	Individual	enhanced_cascade_cv(banglabert->enhanced_banglabert)
144117	Individual	enhanced_cascade_cv(banglabert->enhanced_banglabert)
639424	Individual	enhanced_cascade_cv(banglabert->enhanced_banglabert)
394368	Society	enhanced_cascade_cv(banglabert->enhanced_banglabert)
291259	Society	enhanced_cascade_cv(banglabert->enhanced_banglabert)
142509	None	enhanced_cascade_cv(banglabert->enhanced_banglabert)
226408	Community	enhanced_cascade_cv(banglabert->enhanced_banglabert)
486351	None	enhanced_cascade_cv(banglabert->enhanced_banglabert)
865343	None	enhanced_cascade_cv(banglabert->enhanced_banglabert)
490548	Society	enhanced_cascade_cv(banglabert->enhanced_banglabert)
430804	None	enhanced_cascade_cv(banglabert->enhanced_banglabert)
292631	Organization	enhanced_cascade_cv(banglabert->enhanced_banglabert)
399708	None	enhanced_cascade_cv(banglabert->enhanced_banglabert)
62074	None	enhanced_cascade_cv(banglabert->enhanced_banglabert)
277817	None	enhanced_cascade_cv(banglabert->enhanced_banglabert)
451449	None	enhanced_cascade_cv(banglabert->enhanced_banglabert)
937837	None	enhanced_cascade_cv(banglabert->enhanced_banglabert)
69996	Organization	enhanced_cascade_cv(banglabert->enhanced_banglabert)
472779	None	enhanced_cascade_cv(banglabert->enhanced_banglabert)
593869	Organization	enhanced_cascade_cv(banglabert->enhanced_banglabert)
113374	None	enhanced_cascade_cv(banglabert->enhanced_banglabert)
295098	None	enhanced_cascade_cv(banglabert->enhanced_banglabert)
688164	None	enhanced_cascade_cv(banglabert->enhanced_banglabert)
754307	Community	enhanced_cascade_cv(banglabert->enhanced_banglabert)
185344	Individual	enhanced_cascade_cv(banglabert->enhanced_banglabert)
206819	None	enhanced_cascade_cv(banglabert->enhanced_banglabert)
776128	Individual	enhanced_cascade_cv(banglabert->enhanced_banglabert)
438265	None	enhanced_cascade_cv(banglabert->enhanced_banglabert)
586064	None	enhanced_cascade_cv(banglabert->enhanced_banglabert)
588534	None	enhanced_cascade_cv(banglabert->enhanced_banglabert)
863686	None	enhanced_cascade_cv(banglabert->enhanced_banglabert)
694501	Community	enhanced_cascade_cv(banglabert->enhanced_banglabert)
97900	None	enhanced_cascade_cv(banglabert->enhanced_banglabert)
166900	None	enhanced_cascade_cv(banglabert->enhanced_banglabert)
109971	None	enhanced_cascade_cv(banglabert->enhanced_banglabert)
497464	Individual	enhanced_cascade_cv(banglabert->enhanced_banglabert)
376477	None	enhanced_cascade_cv(banglabert->enhanced_banglabert)
65718	None	enhanced_cascade_cv(banglabert->enhanced_banglabert)
784043	Organization	enhanced_cascade_cv(banglabert->enhanced_banglabert)
702897	None	enhanced_cascade_cv(banglabert->enhanced_banglabert)
352371	None	enhanced_cascade_cv(banglabert->enhanced_banglabert)
52223	None	enhanced_cascade_cv(banglabert->enhanced_banglabert)
131128	None	enhanced_cascade_cv(banglabert->enhanced_banglabert)
13831	Society	enhanced_cascade_cv(banglabert->enhanced_banglabert)
148597	None	enhanced_cascade_cv(banglabert->enhanced_banglabert)
60602	None	enhanced_cascade_cv(banglabert->enhanced_banglabert)
752509	Society	enhanced_cascade_cv(banglabert->enhanced_banglabert)
730085	None	enhanced_cascade_cv(banglabert->enhanced_banglabert)
625048	None	enhanced_cascade_cv(banglabert->enhanced_banglabert)
541629	Community	enhanced_cascade_cv(banglabert->enhanced_banglabert)
895206	Community	enhanced_cascade_cv(banglabert->enhanced_banglabert)
725993	Society	enhanced_cascade_cv(banglabert->enhanced_banglabert)
296053	None	enhanced_cascade_cv(banglabert->enhanced_banglabert)
240086	None	enhanced_cascade_cv(banglabert->enhanced_banglabert)
106374	Organization	enhanced_cascade_cv(banglabert->enhanced_banglabert)
2358	None	enhanced_cascade_cv(banglabert->enhanced_banglabert)
655996	None	enhanced_cascade_cv(banglabert->enhanced_banglabert)
2640	Organization	enhanced_cascade_cv(banglabert->enhanced_banglabert)
583695	Organization	enhanced_cascade_cv(banglabert->enhanced_banglabert)
740126	Community	enhanced_cascade_cv(banglabert->enhanced_banglabert)
116038	Individual	enhanced_cascade_cv(banglabert->enhanced_banglabert)
839438	None	enhanced_cascade_cv(banglabert->enhanced_banglabert)
216777	Individual	enhanced_cascade_cv(banglabert->enhanced_banglabert)
717153	None	enhanced_cascade_cv(banglabert->enhanced_banglabert)
628314	None	enhanced_cascade_cv(banglabert->enhanced_banglabert)
49560	None	enhanced_cascade_cv(banglabert->enhanced_banglabert)
484546	None	enhanced_cascade_cv(banglabert->enhanced_banglabert)
411292	Community	enhanced_cascade_cv(banglabert->enhanced_banglabert)
739397	Individual	enhanced_cascade_cv(banglabert->enhanced_banglabert)
33049	None	enhanced_cascade_cv(banglabert->enhanced_banglabert)
234943	Individual	enhanced_cascade_cv(banglabert->enhanced_banglabert)
85567	None	enhanced_cascade_cv(banglabert->enhanced_banglabert)
898840	None	enhanced_cascade_cv(banglabert->enhanced_banglabert)
110149	None	enhanced_cascade_cv(banglabert->enhanced_banglabert)
928802	Individual	enhanced_cascade_cv(banglabert->enhanced_banglabert)
65232	None	enhanced_cascade_cv(banglabert->enhanced_banglabert)
609733	Community	enhanced_cascade_cv(banglabert->enhanced_banglabert)
607110	None	enhanced_cascade_cv(banglabert->enhanced_banglabert)
656146	None	enhanced_cascade_cv(banglabert->enhanced_banglabert)
122819	None	enhanced_cascade_cv(banglabert->enhanced_banglabert)
924773	Society	enhanced_cascade_cv(banglabert->enhanced_banglabert)
855239	None	enhanced_cascade_cv(banglabert->enhanced_banglabert)
455140	None	enhanced_cascade_cv(banglabert->enhanced_banglabert)
172685	Organization	enhanced_cascade_cv(banglabert->enhanced_banglabert)
705941	None	enhanced_cascade_cv(banglabert->enhanced_banglabert)
317297	None	enhanced_cascade_cv(banglabert->enhanced_banglabert)
637876	Organization	enhanced_cascade_cv(banglabert->enhanced_banglabert)
198449	None	enhanced_cascade_cv(banglabert->enhanced_banglabert)
822721	Community	enhanced_cascade_cv(banglabert->enhanced_banglabert)
347419	None	enhanced_cascade_cv(banglabert->enhanced_banglabert)
503146	None	enhanced_cascade_cv(banglabert->enhanced_banglabert)
601962	Individual	enhanced_cascade_cv(banglabert->enhanced_banglabert)
847061	Individual	enhanced_cascade_cv(banglabert->enhanced_banglabert)
449847	Community	enhanced_cascade_cv(banglabert->enhanced_banglabert)
266272	None	enhanced_cascade_cv(banglabert->enhanced_banglabert)
579593	Community	enhanced_cascade_cv(banglabert->enhanced_banglabert)
696370	None	enhanced_cascade_cv(banglabert->enhanced_banglabert)
282600	None	enhanced_cascade_cv(banglabert->enhanced_banglabert)
901656	None	enhanced_cascade_cv(banglabert->enhanced_banglabert)
348015	None	enhanced_cascade_cv(banglabert->enhanced_banglabert)
436616	None	enhanced_cascade_cv(banglabert->enhanced_banglabert)
257730	Individual	enhanced_cascade_cv(banglabert->enhanced_banglabert)
662170	None	enhanced_cascade_cv(banglabert->enhanced_banglabert)
385756	None	enhanced_cascade_cv(banglabert->enhanced_banglabert)
359726	None	enhanced_cascade_cv(banglabert->enhanced_banglabert)
660956	None	enhanced_cascade_cv(banglabert->enhanced_banglabert)
767839	None	enhanced_cascade_cv(banglabert->enhanced_banglabert)
104694	None	enhanced_cascade_cv(banglabert->enhanced_banglabert)
939708	Individual	enhanced_cascade_cv(banglabert->enhanced_banglabert)
918343	None	enhanced_cascade_cv(banglabert->enhanced_banglabert)
169088	None	enhanced_cascade_cv(banglabert->enhanced_banglabert)
559219	Individual	enhanced_cascade_cv(banglabert->enhanced_banglabert)
313940	Individual	enhanced_cascade_cv(banglabert->enhanced_banglabert)
156518	Organization	enhanced_cascade_cv(banglabert->enhanced_banglabert)
475465	Individual	enhanced_cascade_cv(banglabert->enhanced_banglabert)
796521	None	enhanced_cascade_cv(banglabert->enhanced_banglabert)
340667	None	enhanced_cascade_cv(banglabert->enhanced_banglabert)
871730	None	enhanced_cascade_cv(banglabert->enhanced_banglabert)
526989	None	enhanced_cascade_cv(banglabert->enhanced_banglabert)
2000	Community	enhanced_cascade_cv(banglabert->enhanced_banglabert)
770360	None	enhanced_cascade_cv(banglabert->enhanced_banglabert)
97016	None	enhanced_cascade_cv(banglabert->enhanced_banglabert)
759827	None	enhanced_cascade_cv(banglabert->enhanced_banglabert)
121027	None	enhanced_cascade_cv(banglabert->enhanced_banglabert)
398334	None	enhanced_cascade_cv(banglabert->enhanced_banglabert)
88547	Organization	enhanced_cascade_cv(banglabert->enhanced_banglabert)
388063	Society	enhanced_cascade_cv(banglabert->enhanced_banglabert)
584267	None	enhanced_cascade_cv(banglabert->enhanced_banglabert)
199146	None	enhanced_cascade_cv(banglabert->enhanced_banglabert)
862801	None	enhanced_cascade_cv(banglabert->enhanced_banglabert)
663203	Society	enhanced_cascade_cv(banglabert->enhanced_banglabert)
384078	None	enhanced_cascade_cv(banglabert->enhanced_banglabert)
674707	None	enhanced_cascade_cv(banglabert->enhanced_banglabert)
248801	None	enhanced_cascade_cv(banglabert->enhanced_banglabert)
434904	None	enhanced_cascade_cv(banglabert->enhanced_banglabert)
892832	Organization	enhanced_cascade_cv(banglabert->enhanced_banglabert)
849635	None	enhanced_cascade_cv(banglabert->enhanced_banglabert)
357655	None	enhanced_cascade_cv(banglabert->enhanced_banglabert)
38822	None	enhanced_cascade_cv(banglabert->enhanced_banglabert)
15868	None	enhanced_cascade_cv(banglabert->enhanced_banglabert)
92875	None	enhanced_cascade_cv(banglabert->enhanced_banglabert)
881948	None	enhanced_cascade_cv(banglabert->enhanced_banglabert)
930602	None	enhanced_cascade_cv(banglabert->enhanced_banglabert)
297212	None	enhanced_cascade_cv(banglabert->enhanced_banglabert)
720687	None	enhanced_cascade_cv(banglabert->enhanced_banglabert)
129760	None	enhanced_cascade_cv(banglabert->enhanced_banglabert)
195054	Organization	enhanced_cascade_cv(banglabert->enhanced_banglabert)
109394	None	enhanced_cascade_cv(banglabert->enhanced_banglabert)
869427	None	enhanced_cascade_cv(banglabert->enhanced_banglabert)
916439	Individual	enhanced_cascade_cv(banglabert->enhanced_banglabert)
137360	None	enhanced_cascade_cv(banglabert->enhanced_banglabert)
617422	None	enhanced_cascade_cv(banglabert->enhanced_banglabert)
78119	None	enhanced_cascade_cv(banglabert->enhanced_banglabert)
723502	None	enhanced_cascade_cv(banglabert->enhanced_banglabert)
478562	Community	enhanced_cascade_cv(banglabert->enhanced_banglabert)
65211	Organization	enhanced_cascade_cv(banglabert->enhanced_banglabert)
509559	None	enhanced_cascade_cv(banglabert->enhanced_banglabert)
326033	Individual	enhanced_cascade_cv(banglabert->enhanced_banglabert)
863542	Organization	enhanced_cascade_cv(banglabert->enhanced_banglabert)
700913	None	enhanced_cascade_cv(banglabert->enhanced_banglabert)
674516	Individual	enhanced_cascade_cv(banglabert->enhanced_banglabert)
559600	Individual	enhanced_cascade_cv(banglabert->enhanced_banglabert)
503290	None	enhanced_cascade_cv(banglabert->enhanced_banglabert)
896878	None	enhanced_cascade_cv(banglabert->enhanced_banglabert)
134107	None	enhanced_cascade_cv(banglabert->enhanced_banglabert)
249718	None	enhanced_cascade_cv(banglabert->enhanced_banglabert)
163349	None	enhanced_cascade_cv(banglabert->enhanced_banglabert)
401513	None	enhanced_cascade_cv(banglabert->enhanced_banglabert)
650595	Individual	enhanced_cascade_cv(banglabert->enhanced_banglabert)
752284	None	enhanced_cascade_cv(banglabert->enhanced_banglabert)
865890	None	enhanced_cascade_cv(banglabert->enhanced_banglabert)
186435	None	enhanced_cascade_cv(banglabert->enhanced_banglabert)
373339	None	enhanced_cascade_cv(banglabert->enhanced_banglabert)
286709	None	enhanced_cascade_cv(banglabert->enhanced_banglabert)
643016	None	enhanced_cascade_cv(banglabert->enhanced_banglabert)
27134	None	enhanced_cascade_cv(banglabert->enhanced_banglabert)
593062	None	enhanced_cascade_cv(banglabert->enhanced_banglabert)
676443	None	enhanced_cascade_cv(banglabert->enhanced_banglabert)
614707	None	enhanced_cascade_cv(banglabert->enhanced_banglabert)
61510	Organization	enhanced_cascade_cv(banglabert->enhanced_banglabert)
153559	None	enhanced_cascade_cv(banglabert->enhanced_banglabert)
433441	None	enhanced_cascade_cv(banglabert->enhanced_banglabert)
216305	Organization	enhanced_cascade_cv(banglabert->enhanced_banglabert)
910124	None	enhanced_cascade_cv(banglabert->enhanced_banglabert)
620809	Individual	enhanced_cascade_cv(banglabert->enhanced_banglabert)
932421	Community	enhanced_cascade_cv(banglabert->enhanced_banglabert)
425270	Individual	enhanced_cascade_cv(banglabert->enhanced_banglabert)
273781	None	enhanced_cascade_cv(banglabert->enhanced_banglabert)
187613	Individual	enhanced_cascade_cv(banglabert->enhanced_banglabert)
124364	None	enhanced_cascade_cv(banglabert->enhanced_banglabert)
877298	None	enhanced_cascade_cv(banglabert->enhanced_banglabert)
605600	Individual	enhanced_cascade_cv(banglabert->enhanced_banglabert)
349142	None	enhanced_cascade_cv(banglabert->enhanced_banglabert)
780477	None	enhanced_cascade_cv(banglabert->enhanced_banglabert)
850714	Individual	enhanced_cascade_cv(banglabert->enhanced_banglabert)
182549	Organization	enhanced_cascade_cv(banglabert->enhanced_banglabert)
591436	None	enhanced_cascade_cv(banglabert->enhanced_banglabert)
532973	Individual	enhanced_cascade_cv(banglabert->enhanced_banglabert)
254837	Individual	enhanced_cascade_cv(banglabert->enhanced_banglabert)
570134	None	enhanced_cascade_cv(banglabert->enhanced_banglabert)
600873	None	enhanced_cascade_cv(banglabert->enhanced_banglabert)
897692	Community	enhanced_cascade_cv(banglabert->enhanced_banglabert)
145602	None	enhanced_cascade_cv(banglabert->enhanced_banglabert)
674074	None	enhanced_cascade_cv(banglabert->enhanced_banglabert)
617154	Individual	enhanced_cascade_cv(banglabert->enhanced_banglabert)
131424	None	enhanced_cascade_cv(banglabert->enhanced_banglabert)
863095	None	enhanced_cascade_cv(banglabert->enhanced_banglabert)
753046	Society	enhanced_cascade_cv(banglabert->enhanced_banglabert)
889442	None	enhanced_cascade_cv(banglabert->enhanced_banglabert)
290088	None	enhanced_cascade_cv(banglabert->enhanced_banglabert)
158006	None	enhanced_cascade_cv(banglabert->enhanced_banglabert)
915317	None	enhanced_cascade_cv(banglabert->enhanced_banglabert)
928884	Individual	enhanced_cascade_cv(banglabert->enhanced_banglabert)
845497	Organization	enhanced_cascade_cv(banglabert->enhanced_banglabert)
337012	None	enhanced_cascade_cv(banglabert->enhanced_banglabert)
806329	None	enhanced_cascade_cv(banglabert->enhanced_banglabert)
513110	None	enhanced_cascade_cv(banglabert->enhanced_banglabert)
313334	None	enhanced_cascade_cv(banglabert->enhanced_banglabert)
843096	Individual	enhanced_cascade_cv(banglabert->enhanced_banglabert)
406040	None	enhanced_cascade_cv(banglabert->enhanced_banglabert)
436473	None	enhanced_cascade_cv(banglabert->enhanced_banglabert)
864150	None	enhanced_cascade_cv(banglabert->enhanced_banglabert)
307617	Individual	enhanced_cascade_cv(banglabert->enhanced_banglabert)
486690	None	enhanced_cascade_cv(banglabert->enhanced_banglabert)
197326	Organization	enhanced_cascade_cv(banglabert->enhanced_banglabert)
295541	Individual	enhanced_cascade_cv(banglabert->enhanced_banglabert)
264754	Individual	enhanced_cascade_cv(banglabert->enhanced_banglabert)
214178	None	enhanced_cascade_cv(banglabert->enhanced_banglabert)
288143	None	enhanced_cascade_cv(banglabert->enhanced_banglabert)
77822	Individual	enhanced_cascade_cv(banglabert->enhanced_banglabert)
659471	Organization	enhanced_cascade_cv(banglabert->enhanced_banglabert)
441154	Community	enhanced_cascade_cv(banglabert->enhanced_banglabert)
304049	Individual	enhanced_cascade_cv(banglabert->enhanced_banglabert)
635950	None	enhanced_cascade_cv(banglabert->enhanced_banglabert)
863812	Individual	enhanced_cascade_cv(banglabert->enhanced_banglabert)
642147	None	enhanced_cascade_cv(banglabert->enhanced_banglabert)
206032	Organization	enhanced_cascade_cv(banglabert->enhanced_banglabert)
936269	None	enhanced_cascade_cv(banglabert->enhanced_banglabert)
87245	None	enhanced_cascade_cv(banglabert->enhanced_banglabert)
831967	Society	enhanced_cascade_cv(banglabert->enhanced_banglabert)
773650	None	enhanced_cascade_cv(banglabert->enhanced_banglabert)
578805	None	enhanced_cascade_cv(banglabert->enhanced_banglabert)
54423	None	enhanced_cascade_cv(banglabert->enhanced_banglabert)
187408	None	enhanced_cascade_cv(banglabert->enhanced_banglabert)
446182	None	enhanced_cascade_cv(banglabert->enhanced_banglabert)
240952	Community	enhanced_cascade_cv(banglabert->enhanced_banglabert)
609430	None	enhanced_cascade_cv(banglabert->enhanced_banglabert)
32107	None	enhanced_cascade_cv(banglabert->enhanced_banglabert)
257935	None	enhanced_cascade_cv(banglabert->enhanced_banglabert)
823899	None	enhanced_cascade_cv(banglabert->enhanced_banglabert)
685145	None	enhanced_cascade_cv(banglabert->enhanced_banglabert)
398331	Individual	enhanced_cascade_cv(banglabert->enhanced_banglabert)
153024	None	enhanced_cascade_cv(banglabert->enhanced_banglabert)
175531	Organization	enhanced_cascade_cv(banglabert->enhanced_banglabert)
446560	Individual	enhanced_cascade_cv(banglabert->enhanced_banglabert)
418942	None	enhanced_cascade_cv(banglabert->enhanced_banglabert)
594047	None	enhanced_cascade_cv(banglabert->enhanced_banglabert)
542787	None	enhanced_cascade_cv(banglabert->enhanced_banglabert)
506353	Organization	enhanced_cascade_cv(banglabert->enhanced_banglabert)
841821	None	enhanced_cascade_cv(banglabert->enhanced_banglabert)
427816	Organization	enhanced_cascade_cv(banglabert->enhanced_banglabert)
186081	Organization	enhanced_cascade_cv(banglabert->enhanced_banglabert)
63181	None	enhanced_cascade_cv(banglabert->enhanced_banglabert)
474439	None	enhanced_cascade_cv(banglabert->enhanced_banglabert)
266781	Individual	enhanced_cascade_cv(banglabert->enhanced_banglabert)
863333	None	enhanced_cascade_cv(banglabert->enhanced_banglabert)
99308	None	enhanced_cascade_cv(banglabert->enhanced_banglabert)
411516	Society	enhanced_cascade_cv(banglabert->enhanced_banglabert)
917711	None	enhanced_cascade_cv(banglabert->enhanced_banglabert)
297791	Individual	enhanced_cascade_cv(banglabert->enhanced_banglabert)
837511	None	enhanced_cascade_cv(banglabert->enhanced_banglabert)
516611	None	enhanced_cascade_cv(banglabert->enhanced_banglabert)
361540	None	enhanced_cascade_cv(banglabert->enhanced_banglabert)
289632	None	enhanced_cascade_cv(banglabert->enhanced_banglabert)
557898	Society	enhanced_cascade_cv(banglabert->enhanced_banglabert)
478098	None	enhanced_cascade_cv(banglabert->enhanced_banglabert)
219774	None	enhanced_cascade_cv(banglabert->enhanced_banglabert)
639571	None	enhanced_cascade_cv(banglabert->enhanced_banglabert)
458029	Society	enhanced_cascade_cv(banglabert->enhanced_banglabert)
26006	Community	enhanced_cascade_cv(banglabert->enhanced_banglabert)
615341	None	enhanced_cascade_cv(banglabert->enhanced_banglabert)
365272	Community	enhanced_cascade_cv(banglabert->enhanced_banglabert)
446152	Organization	enhanced_cascade_cv(banglabert->enhanced_banglabert)
924516	None	enhanced_cascade_cv(banglabert->enhanced_banglabert)
912732	None	enhanced_cascade_cv(banglabert->enhanced_banglabert)
3376	None	enhanced_cascade_cv(banglabert->enhanced_banglabert)
873206	None	enhanced_cascade_cv(banglabert->enhanced_banglabert)
147620	None	enhanced_cascade_cv(banglabert->enhanced_banglabert)
48729	None	enhanced_cascade_cv(banglabert->enhanced_banglabert)
118706	Individual	enhanced_cascade_cv(banglabert->enhanced_banglabert)
496287	None	enhanced_cascade_cv(banglabert->enhanced_banglabert)
633278	None	enhanced_cascade_cv(banglabert->enhanced_banglabert)
556423	None	enhanced_cascade_cv(banglabert->enhanced_banglabert)
192902	None	enhanced_cascade_cv(banglabert->enhanced_banglabert)
750879	None	enhanced_cascade_cv(banglabert->enhanced_banglabert)
715529	None	enhanced_cascade_cv(banglabert->enhanced_banglabert)
134711	None	enhanced_cascade_cv(banglabert->enhanced_banglabert)
660107	None	enhanced_cascade_cv(banglabert->enhanced_banglabert)
437345	None	enhanced_cascade_cv(banglabert->enhanced_banglabert)
214891	Organization	enhanced_cascade_cv(banglabert->enhanced_banglabert)
900908	Organization	enhanced_cascade_cv(banglabert->enhanced_banglabert)
763719	None	enhanced_cascade_cv(banglabert->enhanced_banglabert)
315444	Community	enhanced_cascade_cv(banglabert->enhanced_banglabert)
455707	None	enhanced_cascade_cv(banglabert->enhanced_banglabert)
290653	None	enhanced_cascade_cv(banglabert->enhanced_banglabert)
691850	None	enhanced_cascade_cv(banglabert->enhanced_banglabert)
318941	Community	enhanced_cascade_cv(banglabert->enhanced_banglabert)
182737	Organization	enhanced_cascade_cv(banglabert->enhanced_banglabert)
285028	Community	enhanced_cascade_cv(banglabert->enhanced_banglabert)
904223	None	enhanced_cascade_cv(banglabert->enhanced_banglabert)
291039	None	enhanced_cascade_cv(banglabert->enhanced_banglabert)
645637	None	enhanced_cascade_cv(banglabert->enhanced_banglabert)
328958	None	enhanced_cascade_cv(banglabert->enhanced_banglabert)
168539	None	enhanced_cascade_cv(banglabert->enhanced_banglabert)
375694	None	enhanced_cascade_cv(banglabert->enhanced_banglabert)
501348	None	enhanced_cascade_cv(banglabert->enhanced_banglabert)
30143	None	enhanced_cascade_cv(banglabert->enhanced_banglabert)
565055	None	enhanced_cascade_cv(banglabert->enhanced_banglabert)
481211	None	enhanced_cascade_cv(banglabert->enhanced_banglabert)
8371	None	enhanced_cascade_cv(banglabert->enhanced_banglabert)
757645	None	enhanced_cascade_cv(banglabert->enhanced_banglabert)
738411	Individual	enhanced_cascade_cv(banglabert->enhanced_banglabert)
767666	Society	enhanced_cascade_cv(banglabert->enhanced_banglabert)
261763	None	enhanced_cascade_cv(banglabert->enhanced_banglabert)
351660	Individual	enhanced_cascade_cv(banglabert->enhanced_banglabert)
476158	Individual	enhanced_cascade_cv(banglabert->enhanced_banglabert)
865803	None	enhanced_cascade_cv(banglabert->enhanced_banglabert)
111001	Organization	enhanced_cascade_cv(banglabert->enhanced_banglabert)
61880	None	enhanced_cascade_cv(banglabert->enhanced_banglabert)
530551	None	enhanced_cascade_cv(banglabert->enhanced_banglabert)
583453	None	enhanced_cascade_cv(banglabert->enhanced_banglabert)
764722	None	enhanced_cascade_cv(banglabert->enhanced_banglabert)
511997	Individual	enhanced_cascade_cv(banglabert->enhanced_banglabert)
884021	None	enhanced_cascade_cv(banglabert->enhanced_banglabert)
434129	None	enhanced_cascade_cv(banglabert->enhanced_banglabert)
318573	None	enhanced_cascade_cv(banglabert->enhanced_banglabert)
760589	Society	enhanced_cascade_cv(banglabert->enhanced_banglabert)
804650	None	enhanced_cascade_cv(banglabert->enhanced_banglabert)
528897	None	enhanced_cascade_cv(banglabert->enhanced_banglabert)
716202	None	enhanced_cascade_cv(banglabert->enhanced_banglabert)
670284	None	enhanced_cascade_cv(banglabert->enhanced_banglabert)
869145	Individual	enhanced_cascade_cv(banglabert->enhanced_banglabert)
565795	None	enhanced_cascade_cv(banglabert->enhanced_banglabert)
801623	None	enhanced_cascade_cv(banglabert->enhanced_banglabert)
553622	None	enhanced_cascade_cv(banglabert->enhanced_banglabert)
690373	None	enhanced_cascade_cv(banglabert->enhanced_banglabert)
421996	Society	enhanced_cascade_cv(banglabert->enhanced_banglabert)
584595	None	enhanced_cascade_cv(banglabert->enhanced_banglabert)
790924	None	enhanced_cascade_cv(banglabert->enhanced_banglabert)
839704	Individual	enhanced_cascade_cv(banglabert->enhanced_banglabert)
939459	Community	enhanced_cascade_cv(banglabert->enhanced_banglabert)
533215	None	enhanced_cascade_cv(banglabert->enhanced_banglabert)
72989	Organization	enhanced_cascade_cv(banglabert->enhanced_banglabert)
577898	None	enhanced_cascade_cv(banglabert->enhanced_banglabert)
912409	None	enhanced_cascade_cv(banglabert->enhanced_banglabert)
53215	Individual	enhanced_cascade_cv(banglabert->enhanced_banglabert)
475181	None	enhanced_cascade_cv(banglabert->enhanced_banglabert)
220520	None	enhanced_cascade_cv(banglabert->enhanced_banglabert)
773174	None	enhanced_cascade_cv(banglabert->enhanced_banglabert)
758814	Society	enhanced_cascade_cv(banglabert->enhanced_banglabert)
606304	None	enhanced_cascade_cv(banglabert->enhanced_banglabert)
500972	None	enhanced_cascade_cv(banglabert->enhanced_banglabert)
685233	None	enhanced_cascade_cv(banglabert->enhanced_banglabert)
475996	None	enhanced_cascade_cv(banglabert->enhanced_banglabert)
741328	None	enhanced_cascade_cv(banglabert->enhanced_banglabert)
236813	Individual	enhanced_cascade_cv(banglabert->enhanced_banglabert)
250911	Society	enhanced_cascade_cv(banglabert->enhanced_banglabert)
184353	None	enhanced_cascade_cv(banglabert->enhanced_banglabert)
502301	None	enhanced_cascade_cv(banglabert->enhanced_banglabert)
104489	None	enhanced_cascade_cv(banglabert->enhanced_banglabert)
744914	None	enhanced_cascade_cv(banglabert->enhanced_banglabert)
446232	Organization	enhanced_cascade_cv(banglabert->enhanced_banglabert)
481561	Community	enhanced_cascade_cv(banglabert->enhanced_banglabert)
191354	None	enhanced_cascade_cv(banglabert->enhanced_banglabert)
900461	None	enhanced_cascade_cv(banglabert->enhanced_banglabert)
415829	Society	enhanced_cascade_cv(banglabert->enhanced_banglabert)
613833	None	enhanced_cascade_cv(banglabert->enhanced_banglabert)
718306	Individual	enhanced_cascade_cv(banglabert->enhanced_banglabert)
496351	Individual	enhanced_cascade_cv(banglabert->enhanced_banglabert)
708366	None	enhanced_cascade_cv(banglabert->enhanced_banglabert)
578669	None	enhanced_cascade_cv(banglabert->enhanced_banglabert)
487410	None	enhanced_cascade_cv(banglabert->enhanced_banglabert)
360171	Society	enhanced_cascade_cv(banglabert->enhanced_banglabert)
97036	Community	enhanced_cascade_cv(banglabert->enhanced_banglabert)
782954	None	enhanced_cascade_cv(banglabert->enhanced_banglabert)
881673	Individual	enhanced_cascade_cv(banglabert->enhanced_banglabert)
193131	Community	enhanced_cascade_cv(banglabert->enhanced_banglabert)
113089	None	enhanced_cascade_cv(banglabert->enhanced_banglabert)
640459	None	enhanced_cascade_cv(banglabert->enhanced_banglabert)
863300	Community	enhanced_cascade_cv(banglabert->enhanced_banglabert)
166765	None	enhanced_cascade_cv(banglabert->enhanced_banglabert)
465600	Organization	enhanced_cascade_cv(banglabert->enhanced_banglabert)
524846	None	enhanced_cascade_cv(banglabert->enhanced_banglabert)
377912	Organization	enhanced_cascade_cv(banglabert->enhanced_banglabert)
647030	None	enhanced_cascade_cv(banglabert->enhanced_banglabert)
389642	Society	enhanced_cascade_cv(banglabert->enhanced_banglabert)
838786	Society	enhanced_cascade_cv(banglabert->enhanced_banglabert)
683189	Individual	enhanced_cascade_cv(banglabert->enhanced_banglabert)
44208	None	enhanced_cascade_cv(banglabert->enhanced_banglabert)
129258	None	enhanced_cascade_cv(banglabert->enhanced_banglabert)
537879	Organization	enhanced_cascade_cv(banglabert->enhanced_banglabert)
828437	None	enhanced_cascade_cv(banglabert->enhanced_banglabert)
910625	Community	enhanced_cascade_cv(banglabert->enhanced_banglabert)
897725	Society	enhanced_cascade_cv(banglabert->enhanced_banglabert)
129142	None	enhanced_cascade_cv(banglabert->enhanced_banglabert)
520734	None	enhanced_cascade_cv(banglabert->enhanced_banglabert)
274405	Individual	enhanced_cascade_cv(banglabert->enhanced_banglabert)
187223	Organization	enhanced_cascade_cv(banglabert->enhanced_banglabert)
679398	Community	enhanced_cascade_cv(banglabert->enhanced_banglabert)
843495	None	enhanced_cascade_cv(banglabert->enhanced_banglabert)
888495	Individual	enhanced_cascade_cv(banglabert->enhanced_banglabert)
762390	Society	enhanced_cascade_cv(banglabert->enhanced_banglabert)
385068	None	enhanced_cascade_cv(banglabert->enhanced_banglabert)
668222	None	enhanced_cascade_cv(banglabert->enhanced_banglabert)
555345	Individual	enhanced_cascade_cv(banglabert->enhanced_banglabert)
427170	None	enhanced_cascade_cv(banglabert->enhanced_banglabert)
358744	None	enhanced_cascade_cv(banglabert->enhanced_banglabert)
175954	None	enhanced_cascade_cv(banglabert->enhanced_banglabert)
685817	None	enhanced_cascade_cv(banglabert->enhanced_banglabert)
484759	None	enhanced_cascade_cv(banglabert->enhanced_banglabert)
395035	Society	enhanced_cascade_cv(banglabert->enhanced_banglabert)
176114	None	enhanced_cascade_cv(banglabert->enhanced_banglabert)
300739	None	enhanced_cascade_cv(banglabert->enhanced_banglabert)
528625	None	enhanced_cascade_cv(banglabert->enhanced_banglabert)
511158	None	enhanced_cascade_cv(banglabert->enhanced_banglabert)
453505	Organization	enhanced_cascade_cv(banglabert->enhanced_banglabert)
293969	Organization	enhanced_cascade_cv(banglabert->enhanced_banglabert)
647598	None	enhanced_cascade_cv(banglabert->enhanced_banglabert)
553699	Organization	enhanced_cascade_cv(banglabert->enhanced_banglabert)
95466	None	enhanced_cascade_cv(banglabert->enhanced_banglabert)
835149	Society	enhanced_cascade_cv(banglabert->enhanced_banglabert)
748909	Individual	enhanced_cascade_cv(banglabert->enhanced_banglabert)
194226	Organization	enhanced_cascade_cv(banglabert->enhanced_banglabert)
142118	None	enhanced_cascade_cv(banglabert->enhanced_banglabert)
870702	Individual	enhanced_cascade_cv(banglabert->enhanced_banglabert)
364886	None	enhanced_cascade_cv(banglabert->enhanced_banglabert)
112111	None	enhanced_cascade_cv(banglabert->enhanced_banglabert)
899804	None	enhanced_cascade_cv(banglabert->enhanced_banglabert)
696989	None	enhanced_cascade_cv(banglabert->enhanced_banglabert)
887716	None	enhanced_cascade_cv(banglabert->enhanced_banglabert)
660186	None	enhanced_cascade_cv(banglabert->enhanced_banglabert)
901036	None	enhanced_cascade_cv(banglabert->enhanced_banglabert)
510168	None	enhanced_cascade_cv(banglabert->enhanced_banglabert)
203599	None	enhanced_cascade_cv(banglabert->enhanced_banglabert)
423343	Individual	enhanced_cascade_cv(banglabert->enhanced_banglabert)
83835	Individual	enhanced_cascade_cv(banglabert->enhanced_banglabert)
828482	None	enhanced_cascade_cv(banglabert->enhanced_banglabert)
409288	Society	enhanced_cascade_cv(banglabert->enhanced_banglabert)
40340	None	enhanced_cascade_cv(banglabert->enhanced_banglabert)
801215	None	enhanced_cascade_cv(banglabert->enhanced_banglabert)
666047	None	enhanced_cascade_cv(banglabert->enhanced_banglabert)
700821	None	enhanced_cascade_cv(banglabert->enhanced_banglabert)
701993	None	enhanced_cascade_cv(banglabert->enhanced_banglabert)
254382	None	enhanced_cascade_cv(banglabert->enhanced_banglabert)
623669	Organization	enhanced_cascade_cv(banglabert->enhanced_banglabert)
175843	Individual	enhanced_cascade_cv(banglabert->enhanced_banglabert)
400663	None	enhanced_cascade_cv(banglabert->enhanced_banglabert)
468054	None	enhanced_cascade_cv(banglabert->enhanced_banglabert)
610633	Individual	enhanced_cascade_cv(banglabert->enhanced_banglabert)
620852	Individual	enhanced_cascade_cv(banglabert->enhanced_banglabert)
236927	Individual	enhanced_cascade_cv(banglabert->enhanced_banglabert)
359516	Society	enhanced_cascade_cv(banglabert->enhanced_banglabert)
863317	None	enhanced_cascade_cv(banglabert->enhanced_banglabert)
590188	Individual	enhanced_cascade_cv(banglabert->enhanced_banglabert)
650314	None	enhanced_cascade_cv(banglabert->enhanced_banglabert)
412701	Individual	enhanced_cascade_cv(banglabert->enhanced_banglabert)
720266	None	enhanced_cascade_cv(banglabert->enhanced_banglabert)
866888	None	enhanced_cascade_cv(banglabert->enhanced_banglabert)
530041	None	enhanced_cascade_cv(banglabert->enhanced_banglabert)
495166	None	enhanced_cascade_cv(banglabert->enhanced_banglabert)
114148	Organization	enhanced_cascade_cv(banglabert->enhanced_banglabert)
646106	None	enhanced_cascade_cv(banglabert->enhanced_banglabert)
818634	Society	enhanced_cascade_cv(banglabert->enhanced_banglabert)
489381	None	enhanced_cascade_cv(banglabert->enhanced_banglabert)
366857	None	enhanced_cascade_cv(banglabert->enhanced_banglabert)
216109	None	enhanced_cascade_cv(banglabert->enhanced_banglabert)
634558	Organization	enhanced_cascade_cv(banglabert->enhanced_banglabert)
250297	None	enhanced_cascade_cv(banglabert->enhanced_banglabert)
21656	Society	enhanced_cascade_cv(banglabert->enhanced_banglabert)
356050	Individual	enhanced_cascade_cv(banglabert->enhanced_banglabert)
450240	None	enhanced_cascade_cv(banglabert->enhanced_banglabert)
511964	Individual	enhanced_cascade_cv(banglabert->enhanced_banglabert)
755491	None	enhanced_cascade_cv(banglabert->enhanced_banglabert)
860563	Society	enhanced_cascade_cv(banglabert->enhanced_banglabert)
550210	None	enhanced_cascade_cv(banglabert->enhanced_banglabert)
914642	None	enhanced_cascade_cv(banglabert->enhanced_banglabert)
833043	Society	enhanced_cascade_cv(banglabert->enhanced_banglabert)
562960	None	enhanced_cascade_cv(banglabert->enhanced_banglabert)
725746	None	enhanced_cascade_cv(banglabert->enhanced_banglabert)
222268	Organization	enhanced_cascade_cv(banglabert->enhanced_banglabert)
93194	None	enhanced_cascade_cv(banglabert->enhanced_banglabert)
227813	Organization	enhanced_cascade_cv(banglabert->enhanced_banglabert)
582922	None	enhanced_cascade_cv(banglabert->enhanced_banglabert)
86299	None	enhanced_cascade_cv(banglabert->enhanced_banglabert)
186473	Organization	enhanced_cascade_cv(banglabert->enhanced_banglabert)
905562	None	enhanced_cascade_cv(banglabert->enhanced_banglabert)
95832	Organization	enhanced_cascade_cv(banglabert->enhanced_banglabert)
53058	None	enhanced_cascade_cv(banglabert->enhanced_banglabert)
885378	None	enhanced_cascade_cv(banglabert->enhanced_banglabert)
821731	None	enhanced_cascade_cv(banglabert->enhanced_banglabert)
179744	None	enhanced_cascade_cv(banglabert->enhanced_banglabert)
856357	None	enhanced_cascade_cv(banglabert->enhanced_banglabert)
879521	None	enhanced_cascade_cv(banglabert->enhanced_banglabert)
101653	Organization	enhanced_cascade_cv(banglabert->enhanced_banglabert)
922502	None	enhanced_cascade_cv(banglabert->enhanced_banglabert)
376711	None	enhanced_cascade_cv(banglabert->enhanced_banglabert)
375336	None	enhanced_cascade_cv(banglabert->enhanced_banglabert)
569127	Individual	enhanced_cascade_cv(banglabert->enhanced_banglabert)
233456	Community	enhanced_cascade_cv(banglabert->enhanced_banglabert)
602142	None	enhanced_cascade_cv(banglabert->enhanced_banglabert)
259506	None	enhanced_cascade_cv(banglabert->enhanced_banglabert)
647250	Organization	enhanced_cascade_cv(banglabert->enhanced_banglabert)
236784	Individual	enhanced_cascade_cv(banglabert->enhanced_banglabert)
590227	Organization	enhanced_cascade_cv(banglabert->enhanced_banglabert)
349521	None	enhanced_cascade_cv(banglabert->enhanced_banglabert)
511561	None	enhanced_cascade_cv(banglabert->enhanced_banglabert)
565514	None	enhanced_cascade_cv(banglabert->enhanced_banglabert)
279985	Individual	enhanced_cascade_cv(banglabert->enhanced_banglabert)
181848	Individual	enhanced_cascade_cv(banglabert->enhanced_banglabert)
117547	None	enhanced_cascade_cv(banglabert->enhanced_banglabert)
485388	None	enhanced_cascade_cv(banglabert->enhanced_banglabert)
883559	None	enhanced_cascade_cv(banglabert->enhanced_banglabert)
108865	Organization	enhanced_cascade_cv(banglabert->enhanced_banglabert)
892775	Community	enhanced_cascade_cv(banglabert->enhanced_banglabert)
446371	Individual	enhanced_cascade_cv(banglabert->enhanced_banglabert)
325101	None	enhanced_cascade_cv(banglabert->enhanced_banglabert)
554771	None	enhanced_cascade_cv(banglabert->enhanced_banglabert)
714174	Individual	enhanced_cascade_cv(banglabert->enhanced_banglabert)
175345	Individual	enhanced_cascade_cv(banglabert->enhanced_banglabert)
666577	None	enhanced_cascade_cv(banglabert->enhanced_banglabert)
453621	Community	enhanced_cascade_cv(banglabert->enhanced_banglabert)
658873	None	enhanced_cascade_cv(banglabert->enhanced_banglabert)
467382	Organization	enhanced_cascade_cv(banglabert->enhanced_banglabert)
600530	None	enhanced_cascade_cv(banglabert->enhanced_banglabert)
56405	None	enhanced_cascade_cv(banglabert->enhanced_banglabert)
50971	None	enhanced_cascade_cv(banglabert->enhanced_banglabert)
455443	None	enhanced_cascade_cv(banglabert->enhanced_banglabert)
31476	None	enhanced_cascade_cv(banglabert->enhanced_banglabert)
869211	None	enhanced_cascade_cv(banglabert->enhanced_banglabert)
800776	None	enhanced_cascade_cv(banglabert->enhanced_banglabert)
838918	None	enhanced_cascade_cv(banglabert->enhanced_banglabert)
442892	None	enhanced_cascade_cv(banglabert->enhanced_banglabert)
496264	None	enhanced_cascade_cv(banglabert->enhanced_banglabert)
52071	None	enhanced_cascade_cv(banglabert->enhanced_banglabert)
136763	None	enhanced_cascade_cv(banglabert->enhanced_banglabert)
432625	Community	enhanced_cascade_cv(banglabert->enhanced_banglabert)
271540	Organization	enhanced_cascade_cv(banglabert->enhanced_banglabert)
867436	None	enhanced_cascade_cv(banglabert->enhanced_banglabert)
122013	Organization	enhanced_cascade_cv(banglabert->enhanced_banglabert)
413841	None	enhanced_cascade_cv(banglabert->enhanced_banglabert)
374473	None	enhanced_cascade_cv(banglabert->enhanced_banglabert)
153845	None	enhanced_cascade_cv(banglabert->enhanced_banglabert)
35355	None	enhanced_cascade_cv(banglabert->enhanced_banglabert)
238900	Individual	enhanced_cascade_cv(banglabert->enhanced_banglabert)
206596	None	enhanced_cascade_cv(banglabert->enhanced_banglabert)
723545	Community	enhanced_cascade_cv(banglabert->enhanced_banglabert)
187726	None	enhanced_cascade_cv(banglabert->enhanced_banglabert)
143551	None	enhanced_cascade_cv(banglabert->enhanced_banglabert)
801088	None	enhanced_cascade_cv(banglabert->enhanced_banglabert)
110960	Individual	enhanced_cascade_cv(banglabert->enhanced_banglabert)
35530	Individual	enhanced_cascade_cv(banglabert->enhanced_banglabert)
242127	Individual	enhanced_cascade_cv(banglabert->enhanced_banglabert)
266531	Individual	enhanced_cascade_cv(banglabert->enhanced_banglabert)
32418	Individual	enhanced_cascade_cv(banglabert->enhanced_banglabert)
169879	None	enhanced_cascade_cv(banglabert->enhanced_banglabert)
555753	Organization	enhanced_cascade_cv(banglabert->enhanced_banglabert)
383955	None	enhanced_cascade_cv(banglabert->enhanced_banglabert)
265215	Individual	enhanced_cascade_cv(banglabert->enhanced_banglabert)
513523	None	enhanced_cascade_cv(banglabert->enhanced_banglabert)
120318	None	enhanced_cascade_cv(banglabert->enhanced_banglabert)
66478	None	enhanced_cascade_cv(banglabert->enhanced_banglabert)
579738	Community	enhanced_cascade_cv(banglabert->enhanced_banglabert)
172555	None	enhanced_cascade_cv(banglabert->enhanced_banglabert)
227264	None	enhanced_cascade_cv(banglabert->enhanced_banglabert)
350192	None	enhanced_cascade_cv(banglabert->enhanced_banglabert)
761236	None	enhanced_cascade_cv(banglabert->enhanced_banglabert)
702997	None	enhanced_cascade_cv(banglabert->enhanced_banglabert)
264513	None	enhanced_cascade_cv(banglabert->enhanced_banglabert)
268929	Organization	enhanced_cascade_cv(banglabert->enhanced_banglabert)
808583	None	enhanced_cascade_cv(banglabert->enhanced_banglabert)
614492	None	enhanced_cascade_cv(banglabert->enhanced_banglabert)
436989	None	enhanced_cascade_cv(banglabert->enhanced_banglabert)
57969	None	enhanced_cascade_cv(banglabert->enhanced_banglabert)
269802	None	enhanced_cascade_cv(banglabert->enhanced_banglabert)
395283	Society	enhanced_cascade_cv(banglabert->enhanced_banglabert)
414051	None	enhanced_cascade_cv(banglabert->enhanced_banglabert)
634572	Individual	enhanced_cascade_cv(banglabert->enhanced_banglabert)
712780	None	enhanced_cascade_cv(banglabert->enhanced_banglabert)
426486	None	enhanced_cascade_cv(banglabert->enhanced_banglabert)
658649	Individual	enhanced_cascade_cv(banglabert->enhanced_banglabert)
514546	None	enhanced_cascade_cv(banglabert->enhanced_banglabert)
654533	None	enhanced_cascade_cv(banglabert->enhanced_banglabert)
811644	None	enhanced_cascade_cv(banglabert->enhanced_banglabert)
753518	None	enhanced_cascade_cv(banglabert->enhanced_banglabert)
212933	None	enhanced_cascade_cv(banglabert->enhanced_banglabert)
481410	Community	enhanced_cascade_cv(banglabert->enhanced_banglabert)
879597	None	enhanced_cascade_cv(banglabert->enhanced_banglabert)
916269	None	enhanced_cascade_cv(banglabert->enhanced_banglabert)
596268	Organization	enhanced_cascade_cv(banglabert->enhanced_banglabert)
127543	None	enhanced_cascade_cv(banglabert->enhanced_banglabert)
530446	None	enhanced_cascade_cv(banglabert->enhanced_banglabert)
662349	None	enhanced_cascade_cv(banglabert->enhanced_banglabert)
192423	Organization	enhanced_cascade_cv(banglabert->enhanced_banglabert)
915911	Individual	enhanced_cascade_cv(banglabert->enhanced_banglabert)
832025	None	enhanced_cascade_cv(banglabert->enhanced_banglabert)
235058	Organization	enhanced_cascade_cv(banglabert->enhanced_banglabert)
342722	None	enhanced_cascade_cv(banglabert->enhanced_banglabert)
590535	Organization	enhanced_cascade_cv(banglabert->enhanced_banglabert)
117357	Individual	enhanced_cascade_cv(banglabert->enhanced_banglabert)
229350	Organization	enhanced_cascade_cv(banglabert->enhanced_banglabert)
155928	None	enhanced_cascade_cv(banglabert->enhanced_banglabert)
769055	None	enhanced_cascade_cv(banglabert->enhanced_banglabert)
84582	None	enhanced_cascade_cv(banglabert->enhanced_banglabert)
451655	None	enhanced_cascade_cv(banglabert->enhanced_banglabert)
818907	None	enhanced_cascade_cv(banglabert->enhanced_banglabert)
646802	None	enhanced_cascade_cv(banglabert->enhanced_banglabert)
13335	Organization	enhanced_cascade_cv(banglabert->enhanced_banglabert)
542439	None	enhanced_cascade_cv(banglabert->enhanced_banglabert)
580999	None	enhanced_cascade_cv(banglabert->enhanced_banglabert)
84554	Individual	enhanced_cascade_cv(banglabert->enhanced_banglabert)
416200	Individual	enhanced_cascade_cv(banglabert->enhanced_banglabert)
590424	None	enhanced_cascade_cv(banglabert->enhanced_banglabert)
856234	Organization	enhanced_cascade_cv(banglabert->enhanced_banglabert)
833479	None	enhanced_cascade_cv(banglabert->enhanced_banglabert)
628374	Individual	enhanced_cascade_cv(banglabert->enhanced_banglabert)
766711	None	enhanced_cascade_cv(banglabert->enhanced_banglabert)
533202	None	enhanced_cascade_cv(banglabert->enhanced_banglabert)
380661	None	enhanced_cascade_cv(banglabert->enhanced_banglabert)
634726	Organization	enhanced_cascade_cv(banglabert->enhanced_banglabert)
850101	Community	enhanced_cascade_cv(banglabert->enhanced_banglabert)
720638	None	enhanced_cascade_cv(banglabert->enhanced_banglabert)
918299	Community	enhanced_cascade_cv(banglabert->enhanced_banglabert)
187	None	enhanced_cascade_cv(banglabert->enhanced_banglabert)
864313	Individual	enhanced_cascade_cv(banglabert->enhanced_banglabert)
510537	None	enhanced_cascade_cv(banglabert->enhanced_banglabert)
897340	None	enhanced_cascade_cv(banglabert->enhanced_banglabert)
542171	None	enhanced_cascade_cv(banglabert->enhanced_banglabert)
409108	None	enhanced_cascade_cv(banglabert->enhanced_banglabert)
22085	None	enhanced_cascade_cv(banglabert->enhanced_banglabert)
63549	Individual	enhanced_cascade_cv(banglabert->enhanced_banglabert)
438546	None	enhanced_cascade_cv(banglabert->enhanced_banglabert)
355393	None	enhanced_cascade_cv(banglabert->enhanced_banglabert)
521395	None	enhanced_cascade_cv(banglabert->enhanced_banglabert)
323114	None	enhanced_cascade_cv(banglabert->enhanced_banglabert)
484458	None	enhanced_cascade_cv(banglabert->enhanced_banglabert)
599475	Organization	enhanced_cascade_cv(banglabert->enhanced_banglabert)
797360	Society	enhanced_cascade_cv(banglabert->enhanced_banglabert)
651286	None	enhanced_cascade_cv(banglabert->enhanced_banglabert)
683669	None	enhanced_cascade_cv(banglabert->enhanced_banglabert)
930782	None	enhanced_cascade_cv(banglabert->enhanced_banglabert)
639703	Individual	enhanced_cascade_cv(banglabert->enhanced_banglabert)
492224	None	enhanced_cascade_cv(banglabert->enhanced_banglabert)
888195	None	enhanced_cascade_cv(banglabert->enhanced_banglabert)
775619	None	enhanced_cascade_cv(banglabert->enhanced_banglabert)
115463	None	enhanced_cascade_cv(banglabert->enhanced_banglabert)
624463	Individual	enhanced_cascade_cv(banglabert->enhanced_banglabert)
276240	Individual	enhanced_cascade_cv(banglabert->enhanced_banglabert)
548182	None	enhanced_cascade_cv(banglabert->enhanced_banglabert)
236122	None	enhanced_cascade_cv(banglabert->enhanced_banglabert)
938584	None	enhanced_cascade_cv(banglabert->enhanced_banglabert)
817776	None	enhanced_cascade_cv(banglabert->enhanced_banglabert)
21930	Organization	enhanced_cascade_cv(banglabert->enhanced_banglabert)
558901	None	enhanced_cascade_cv(banglabert->enhanced_banglabert)
587590	None	enhanced_cascade_cv(banglabert->enhanced_banglabert)
211908	Organization	enhanced_cascade_cv(banglabert->enhanced_banglabert)
60346	None	enhanced_cascade_cv(banglabert->enhanced_banglabert)
605691	None	enhanced_cascade_cv(banglabert->enhanced_banglabert)
929182	None	enhanced_cascade_cv(banglabert->enhanced_banglabert)
712367	None	enhanced_cascade_cv(banglabert->enhanced_banglabert)
320500	None	enhanced_cascade_cv(banglabert->enhanced_banglabert)
100677	None	enhanced_cascade_cv(banglabert->enhanced_banglabert)
651652	Individual	enhanced_cascade_cv(banglabert->enhanced_banglabert)
295085	None	enhanced_cascade_cv(banglabert->enhanced_banglabert)
98323	None	enhanced_cascade_cv(banglabert->enhanced_banglabert)
158100	None	enhanced_cascade_cv(banglabert->enhanced_banglabert)
443977	Organization	enhanced_cascade_cv(banglabert->enhanced_banglabert)
742186	None	enhanced_cascade_cv(banglabert->enhanced_banglabert)
14621	Community	enhanced_cascade_cv(banglabert->enhanced_banglabert)
2141	None	enhanced_cascade_cv(banglabert->enhanced_banglabert)
939740	Community	enhanced_cascade_cv(banglabert->enhanced_banglabert)
675171	None	enhanced_cascade_cv(banglabert->enhanced_banglabert)
154958	Individual	enhanced_cascade_cv(banglabert->enhanced_banglabert)
792298	Individual	enhanced_cascade_cv(banglabert->enhanced_banglabert)
146258	None	enhanced_cascade_cv(banglabert->enhanced_banglabert)
692258	Community	enhanced_cascade_cv(banglabert->enhanced_banglabert)
655142	None	enhanced_cascade_cv(banglabert->enhanced_banglabert)
279831	Community	enhanced_cascade_cv(banglabert->enhanced_banglabert)
904641	None	enhanced_cascade_cv(banglabert->enhanced_banglabert)
76223	None	enhanced_cascade_cv(banglabert->enhanced_banglabert)
356935	Society	enhanced_cascade_cv(banglabert->enhanced_banglabert)
454409	None	enhanced_cascade_cv(banglabert->enhanced_banglabert)
151915	Individual	enhanced_cascade_cv(banglabert->enhanced_banglabert)
289689	Individual	enhanced_cascade_cv(banglabert->enhanced_banglabert)
681172	None	enhanced_cascade_cv(banglabert->enhanced_banglabert)
68747	None	enhanced_cascade_cv(banglabert->enhanced_banglabert)
440160	Community	enhanced_cascade_cv(banglabert->enhanced_banglabert)
1052	Individual	enhanced_cascade_cv(banglabert->enhanced_banglabert)
604360	Organization	enhanced_cascade_cv(banglabert->enhanced_banglabert)
514264	None	enhanced_cascade_cv(banglabert->enhanced_banglabert)
792554	None	enhanced_cascade_cv(banglabert->enhanced_banglabert)
359885	None	enhanced_cascade_cv(banglabert->enhanced_banglabert)
669056	None	enhanced_cascade_cv(banglabert->enhanced_banglabert)
467484	None	enhanced_cascade_cv(banglabert->enhanced_banglabert)
618921	None	enhanced_cascade_cv(banglabert->enhanced_banglabert)
487676	Individual	enhanced_cascade_cv(banglabert->enhanced_banglabert)
794639	None	enhanced_cascade_cv(banglabert->enhanced_banglabert)
716246	None	enhanced_cascade_cv(banglabert->enhanced_banglabert)
720764	None	enhanced_cascade_cv(banglabert->enhanced_banglabert)
719110	None	enhanced_cascade_cv(banglabert->enhanced_banglabert)
117150	Community	enhanced_cascade_cv(banglabert->enhanced_banglabert)
735722	None	enhanced_cascade_cv(banglabert->enhanced_banglabert)
476769	Community	enhanced_cascade_cv(banglabert->enhanced_banglabert)
241694	Organization	enhanced_cascade_cv(banglabert->enhanced_banglabert)
638142	None	enhanced_cascade_cv(banglabert->enhanced_banglabert)
17820	None	enhanced_cascade_cv(banglabert->enhanced_banglabert)
330114	Individual	enhanced_cascade_cv(banglabert->enhanced_banglabert)
862260	None	enhanced_cascade_cv(banglabert->enhanced_banglabert)
857208	Individual	enhanced_cascade_cv(banglabert->enhanced_banglabert)
68092	None	enhanced_cascade_cv(banglabert->enhanced_banglabert)
487264	None	enhanced_cascade_cv(banglabert->enhanced_banglabert)
473274	None	enhanced_cascade_cv(banglabert->enhanced_banglabert)
887201	None	enhanced_cascade_cv(banglabert->enhanced_banglabert)
670410	Community	enhanced_cascade_cv(banglabert->enhanced_banglabert)
704946	None	enhanced_cascade_cv(banglabert->enhanced_banglabert)
772823	None	enhanced_cascade_cv(banglabert->enhanced_banglabert)
506461	None	enhanced_cascade_cv(banglabert->enhanced_banglabert)
380105	None	enhanced_cascade_cv(banglabert->enhanced_banglabert)
929223	None	enhanced_cascade_cv(banglabert->enhanced_banglabert)
529715	Society	enhanced_cascade_cv(banglabert->enhanced_banglabert)
455667	None	enhanced_cascade_cv(banglabert->enhanced_banglabert)
718043	Individual	enhanced_cascade_cv(banglabert->enhanced_banglabert)
25258	None	enhanced_cascade_cv(banglabert->enhanced_banglabert)
460726	Individual	enhanced_cascade_cv(banglabert->enhanced_banglabert)
203292	Individual	enhanced_cascade_cv(banglabert->enhanced_banglabert)
933690	None	enhanced_cascade_cv(banglabert->enhanced_banglabert)
799342	None	enhanced_cascade_cv(banglabert->enhanced_banglabert)
353835	None	enhanced_cascade_cv(banglabert->enhanced_banglabert)
506091	None	enhanced_cascade_cv(banglabert->enhanced_banglabert)
143296	Individual	enhanced_cascade_cv(banglabert->enhanced_banglabert)
246688	Community	enhanced_cascade_cv(banglabert->enhanced_banglabert)
759063	None	enhanced_cascade_cv(banglabert->enhanced_banglabert)
299831	None	enhanced_cascade_cv(banglabert->enhanced_banglabert)
872711	Organization	enhanced_cascade_cv(banglabert->enhanced_banglabert)
912606	Individual	enhanced_cascade_cv(banglabert->enhanced_banglabert)
473707	None	enhanced_cascade_cv(banglabert->enhanced_banglabert)
333814	Community	enhanced_cascade_cv(banglabert->enhanced_banglabert)
745132	None	enhanced_cascade_cv(banglabert->enhanced_banglabert)
646880	None	enhanced_cascade_cv(banglabert->enhanced_banglabert)
801734	None	enhanced_cascade_cv(banglabert->enhanced_banglabert)
253010	Organization	enhanced_cascade_cv(banglabert->enhanced_banglabert)
938397	None	enhanced_cascade_cv(banglabert->enhanced_banglabert)
26778	None	enhanced_cascade_cv(banglabert->enhanced_banglabert)
279632	None	enhanced_cascade_cv(banglabert->enhanced_banglabert)
81888	Individual	enhanced_cascade_cv(banglabert->enhanced_banglabert)
830204	Society	enhanced_cascade_cv(banglabert->enhanced_banglabert)
618989	Individual	enhanced_cascade_cv(banglabert->enhanced_banglabert)
391464	None	enhanced_cascade_cv(banglabert->enhanced_banglabert)
834652	None	enhanced_cascade_cv(banglabert->enhanced_banglabert)
657293	None	enhanced_cascade_cv(banglabert->enhanced_banglabert)
624795	Society	enhanced_cascade_cv(banglabert->enhanced_banglabert)
443138	Organization	enhanced_cascade_cv(banglabert->enhanced_banglabert)
762703	Community	enhanced_cascade_cv(banglabert->enhanced_banglabert)
561	None	enhanced_cascade_cv(banglabert->enhanced_banglabert)
226325	Organization	enhanced_cascade_cv(banglabert->enhanced_banglabert)
755107	Organization	enhanced_cascade_cv(banglabert->enhanced_banglabert)
601796	Individual	enhanced_cascade_cv(banglabert->enhanced_banglabert)
204339	None	enhanced_cascade_cv(banglabert->enhanced_banglabert)
821623	None	enhanced_cascade_cv(banglabert->enhanced_banglabert)
373459	None	enhanced_cascade_cv(banglabert->enhanced_banglabert)
140309	Organization	enhanced_cascade_cv(banglabert->enhanced_banglabert)
415542	None	enhanced_cascade_cv(banglabert->enhanced_banglabert)
934048	None	enhanced_cascade_cv(banglabert->enhanced_banglabert)
410499	None	enhanced_cascade_cv(banglabert->enhanced_banglabert)
738445	Individual	enhanced_cascade_cv(banglabert->enhanced_banglabert)
697740	Community	enhanced_cascade_cv(banglabert->enhanced_banglabert)
844028	None	enhanced_cascade_cv(banglabert->enhanced_banglabert)
880305	None	enhanced_cascade_cv(banglabert->enhanced_banglabert)
45411	Community	enhanced_cascade_cv(banglabert->enhanced_banglabert)
309202	None	enhanced_cascade_cv(banglabert->enhanced_banglabert)
585486	None	enhanced_cascade_cv(banglabert->enhanced_banglabert)
16436	Organization	enhanced_cascade_cv(banglabert->enhanced_banglabert)
438854	Individual	enhanced_cascade_cv(banglabert->enhanced_banglabert)
516844	None	enhanced_cascade_cv(banglabert->enhanced_banglabert)
384723	Individual	enhanced_cascade_cv(banglabert->enhanced_banglabert)
891578	None	enhanced_cascade_cv(banglabert->enhanced_banglabert)
629162	Individual	enhanced_cascade_cv(banglabert->enhanced_banglabert)
468009	None	enhanced_cascade_cv(banglabert->enhanced_banglabert)
166047	None	enhanced_cascade_cv(banglabert->enhanced_banglabert)
104001	None	enhanced_cascade_cv(banglabert->enhanced_banglabert)
783482	Organization	enhanced_cascade_cv(banglabert->enhanced_banglabert)
259244	None	enhanced_cascade_cv(banglabert->enhanced_banglabert)
266603	Organization	enhanced_cascade_cv(banglabert->enhanced_banglabert)
101545	Individual	enhanced_cascade_cv(banglabert->enhanced_banglabert)
439409	None	enhanced_cascade_cv(banglabert->enhanced_banglabert)
635499	Individual	enhanced_cascade_cv(banglabert->enhanced_banglabert)
841496	Individual	enhanced_cascade_cv(banglabert->enhanced_banglabert)
869467	None	enhanced_cascade_cv(banglabert->enhanced_banglabert)
119302	None	enhanced_cascade_cv(banglabert->enhanced_banglabert)
566785	None	enhanced_cascade_cv(banglabert->enhanced_banglabert)
155600	None	enhanced_cascade_cv(banglabert->enhanced_banglabert)
472227	None	enhanced_cascade_cv(banglabert->enhanced_banglabert)
739865	None	enhanced_cascade_cv(banglabert->enhanced_banglabert)
56526	None	enhanced_cascade_cv(banglabert->enhanced_banglabert)
830	None	enhanced_cascade_cv(banglabert->enhanced_banglabert)
329377	Individual	enhanced_cascade_cv(banglabert->enhanced_banglabert)
730452	Society	enhanced_cascade_cv(banglabert->enhanced_banglabert)
830987	Community	enhanced_cascade_cv(banglabert->enhanced_banglabert)
372273	None	enhanced_cascade_cv(banglabert->enhanced_banglabert)
844517	None	enhanced_cascade_cv(banglabert->enhanced_banglabert)
323431	None	enhanced_cascade_cv(banglabert->enhanced_banglabert)
698240	None	enhanced_cascade_cv(banglabert->enhanced_banglabert)
889749	Individual	enhanced_cascade_cv(banglabert->enhanced_banglabert)
165523	None	enhanced_cascade_cv(banglabert->enhanced_banglabert)
17339	Community	enhanced_cascade_cv(banglabert->enhanced_banglabert)
137020	None	enhanced_cascade_cv(banglabert->enhanced_banglabert)
572005	Individual	enhanced_cascade_cv(banglabert->enhanced_banglabert)
408325	None	enhanced_cascade_cv(banglabert->enhanced_banglabert)
623444	Society	enhanced_cascade_cv(banglabert->enhanced_banglabert)
82577	Organization	enhanced_cascade_cv(banglabert->enhanced_banglabert)
887946	None	enhanced_cascade_cv(banglabert->enhanced_banglabert)
927166	None	enhanced_cascade_cv(banglabert->enhanced_banglabert)
813556	None	enhanced_cascade_cv(banglabert->enhanced_banglabert)
3490	None	enhanced_cascade_cv(banglabert->enhanced_banglabert)
453858	None	enhanced_cascade_cv(banglabert->enhanced_banglabert)
748818	None	enhanced_cascade_cv(banglabert->enhanced_banglabert)
459611	Community	enhanced_cascade_cv(banglabert->enhanced_banglabert)
240501	None	enhanced_cascade_cv(banglabert->enhanced_banglabert)
19075	Society	enhanced_cascade_cv(banglabert->enhanced_banglabert)
806839	Individual	enhanced_cascade_cv(banglabert->enhanced_banglabert)
111890	Individual	enhanced_cascade_cv(banglabert->enhanced_banglabert)
535210	None	enhanced_cascade_cv(banglabert->enhanced_banglabert)
871081	None	enhanced_cascade_cv(banglabert->enhanced_banglabert)
884878	None	enhanced_cascade_cv(banglabert->enhanced_banglabert)
898010	Individual	enhanced_cascade_cv(banglabert->enhanced_banglabert)
68987	Organization	enhanced_cascade_cv(banglabert->enhanced_banglabert)
610453	None	enhanced_cascade_cv(banglabert->enhanced_banglabert)
23122	Society	enhanced_cascade_cv(banglabert->enhanced_banglabert)
205839	Community	enhanced_cascade_cv(banglabert->enhanced_banglabert)
618548	Organization	enhanced_cascade_cv(banglabert->enhanced_banglabert)
740458	None	enhanced_cascade_cv(banglabert->enhanced_banglabert)
770490	None	enhanced_cascade_cv(banglabert->enhanced_banglabert)
482233	None	enhanced_cascade_cv(banglabert->enhanced_banglabert)
788242	Community	enhanced_cascade_cv(banglabert->enhanced_banglabert)
126523	None	enhanced_cascade_cv(banglabert->enhanced_banglabert)
905792	None	enhanced_cascade_cv(banglabert->enhanced_banglabert)
345610	None	enhanced_cascade_cv(banglabert->enhanced_banglabert)
317318	None	enhanced_cascade_cv(banglabert->enhanced_banglabert)
243588	None	enhanced_cascade_cv(banglabert->enhanced_banglabert)
414606	Organization	enhanced_cascade_cv(banglabert->enhanced_banglabert)
136399	None	enhanced_cascade_cv(banglabert->enhanced_banglabert)
191369	Organization	enhanced_cascade_cv(banglabert->enhanced_banglabert)
728783	None	enhanced_cascade_cv(banglabert->enhanced_banglabert)
482592	Organization	enhanced_cascade_cv(banglabert->enhanced_banglabert)
122439	Community	enhanced_cascade_cv(banglabert->enhanced_banglabert)
253523	None	enhanced_cascade_cv(banglabert->enhanced_banglabert)
45101	Community	enhanced_cascade_cv(banglabert->enhanced_banglabert)
476886	Individual	enhanced_cascade_cv(banglabert->enhanced_banglabert)
683469	None	enhanced_cascade_cv(banglabert->enhanced_banglabert)
666632	Individual	enhanced_cascade_cv(banglabert->enhanced_banglabert)
127473	None	enhanced_cascade_cv(banglabert->enhanced_banglabert)
137857	Community	enhanced_cascade_cv(banglabert->enhanced_banglabert)
579518	Organization	enhanced_cascade_cv(banglabert->enhanced_banglabert)
832568	Community	enhanced_cascade_cv(banglabert->enhanced_banglabert)
463030	None	enhanced_cascade_cv(banglabert->enhanced_banglabert)
547660	None	enhanced_cascade_cv(banglabert->enhanced_banglabert)
754167	None	enhanced_cascade_cv(banglabert->enhanced_banglabert)
899858	None	enhanced_cascade_cv(banglabert->enhanced_banglabert)
703344	Society	enhanced_cascade_cv(banglabert->enhanced_banglabert)
324565	Individual	enhanced_cascade_cv(banglabert->enhanced_banglabert)
106292	None	enhanced_cascade_cv(banglabert->enhanced_banglabert)
255440	None	enhanced_cascade_cv(banglabert->enhanced_banglabert)
436900	Individual	enhanced_cascade_cv(banglabert->enhanced_banglabert)
606151	Organization	enhanced_cascade_cv(banglabert->enhanced_banglabert)
309007	None	enhanced_cascade_cv(banglabert->enhanced_banglabert)
327077	None	enhanced_cascade_cv(banglabert->enhanced_banglabert)
418238	None	enhanced_cascade_cv(banglabert->enhanced_banglabert)
72757	Community	enhanced_cascade_cv(banglabert->enhanced_banglabert)
692374	Community	enhanced_cascade_cv(banglabert->enhanced_banglabert)
816564	None	enhanced_cascade_cv(banglabert->enhanced_banglabert)
119826	None	enhanced_cascade_cv(banglabert->enhanced_banglabert)
158169	None	enhanced_cascade_cv(banglabert->enhanced_banglabert)
818065	None	enhanced_cascade_cv(banglabert->enhanced_banglabert)
31839	None	enhanced_cascade_cv(banglabert->enhanced_banglabert)
192048	None	enhanced_cascade_cv(banglabert->enhanced_banglabert)
551718	None	enhanced_cascade_cv(banglabert->enhanced_banglabert)
290709	None	enhanced_cascade_cv(banglabert->enhanced_banglabert)
141250	None	enhanced_cascade_cv(banglabert->enhanced_banglabert)
466967	None	enhanced_cascade_cv(banglabert->enhanced_banglabert)
152791	Organization	enhanced_cascade_cv(banglabert->enhanced_banglabert)
473966	None	enhanced_cascade_cv(banglabert->enhanced_banglabert)
928108	None	enhanced_cascade_cv(banglabert->enhanced_banglabert)
605290	Community	enhanced_cascade_cv(banglabert->enhanced_banglabert)
22197	Organization	enhanced_cascade_cv(banglabert->enhanced_banglabert)
697466	None	enhanced_cascade_cv(banglabert->enhanced_banglabert)
797481	Individual	enhanced_cascade_cv(banglabert->enhanced_banglabert)
295211	None	enhanced_cascade_cv(banglabert->enhanced_banglabert)
11300	None	enhanced_cascade_cv(banglabert->enhanced_banglabert)
837060	None	enhanced_cascade_cv(banglabert->enhanced_banglabert)
201014	None	enhanced_cascade_cv(banglabert->enhanced_banglabert)
85382	Individual	enhanced_cascade_cv(banglabert->enhanced_banglabert)
303037	None	enhanced_cascade_cv(banglabert->enhanced_banglabert)
444287	None	enhanced_cascade_cv(banglabert->enhanced_banglabert)
21647	Society	enhanced_cascade_cv(banglabert->enhanced_banglabert)
709058	Individual	enhanced_cascade_cv(banglabert->enhanced_banglabert)
766452	Individual	enhanced_cascade_cv(banglabert->enhanced_banglabert)
595553	None	enhanced_cascade_cv(banglabert->enhanced_banglabert)
404783	Organization	enhanced_cascade_cv(banglabert->enhanced_banglabert)
598072	Individual	enhanced_cascade_cv(banglabert->enhanced_banglabert)
581670	None	enhanced_cascade_cv(banglabert->enhanced_banglabert)
236138	Individual	enhanced_cascade_cv(banglabert->enhanced_banglabert)
447724	None	enhanced_cascade_cv(banglabert->enhanced_banglabert)
198229	Individual	enhanced_cascade_cv(banglabert->enhanced_banglabert)
35745	None	enhanced_cascade_cv(banglabert->enhanced_banglabert)
51265	None	enhanced_cascade_cv(banglabert->enhanced_banglabert)
925220	None	enhanced_cascade_cv(banglabert->enhanced_banglabert)
854174	None	enhanced_cascade_cv(banglabert->enhanced_banglabert)
919184	Community	enhanced_cascade_cv(banglabert->enhanced_banglabert)
515754	None	enhanced_cascade_cv(banglabert->enhanced_banglabert)
490004	None	enhanced_cascade_cv(banglabert->enhanced_banglabert)
312418	None	enhanced_cascade_cv(banglabert->enhanced_banglabert)
346286	None	enhanced_cascade_cv(banglabert->enhanced_banglabert)
319520	None	enhanced_cascade_cv(banglabert->enhanced_banglabert)
900758	None	enhanced_cascade_cv(banglabert->enhanced_banglabert)
74509	None	enhanced_cascade_cv(banglabert->enhanced_banglabert)
646154	None	enhanced_cascade_cv(banglabert->enhanced_banglabert)
700643	None	enhanced_cascade_cv(banglabert->enhanced_banglabert)
847137	None	enhanced_cascade_cv(banglabert->enhanced_banglabert)
95080	None	enhanced_cascade_cv(banglabert->enhanced_banglabert)
906529	None	enhanced_cascade_cv(banglabert->enhanced_banglabert)
682124	None	enhanced_cascade_cv(banglabert->enhanced_banglabert)
469188	Society	enhanced_cascade_cv(banglabert->enhanced_banglabert)
267691	None	enhanced_cascade_cv(banglabert->enhanced_banglabert)
427105	None	enhanced_cascade_cv(banglabert->enhanced_banglabert)
664450	None	enhanced_cascade_cv(banglabert->enhanced_banglabert)
640153	None	enhanced_cascade_cv(banglabert->enhanced_banglabert)
484242	None	enhanced_cascade_cv(banglabert->enhanced_banglabert)
471083	None	enhanced_cascade_cv(banglabert->enhanced_banglabert)
574555	Organization	enhanced_cascade_cv(banglabert->enhanced_banglabert)
802913	Individual	enhanced_cascade_cv(banglabert->enhanced_banglabert)
835881	None	enhanced_cascade_cv(banglabert->enhanced_banglabert)
559943	Individual	enhanced_cascade_cv(banglabert->enhanced_banglabert)
795168	Society	enhanced_cascade_cv(banglabert->enhanced_banglabert)
38230	Individual	enhanced_cascade_cv(banglabert->enhanced_banglabert)
299735	None	enhanced_cascade_cv(banglabert->enhanced_banglabert)
250352	None	enhanced_cascade_cv(banglabert->enhanced_banglabert)
819839	None	enhanced_cascade_cv(banglabert->enhanced_banglabert)
405003	None	enhanced_cascade_cv(banglabert->enhanced_banglabert)
827981	None	enhanced_cascade_cv(banglabert->enhanced_banglabert)
28308	None	enhanced_cascade_cv(banglabert->enhanced_banglabert)
588699	Organization	enhanced_cascade_cv(banglabert->enhanced_banglabert)
614167	None	enhanced_cascade_cv(banglabert->enhanced_banglabert)
679145	None	enhanced_cascade_cv(banglabert->enhanced_banglabert)
786296	None	enhanced_cascade_cv(banglabert->enhanced_banglabert)
446957	Organization	enhanced_cascade_cv(banglabert->enhanced_banglabert)
704588	None	enhanced_cascade_cv(banglabert->enhanced_banglabert)
43603	Organization	enhanced_cascade_cv(banglabert->enhanced_banglabert)
32256	None	enhanced_cascade_cv(banglabert->enhanced_banglabert)
581040	None	enhanced_cascade_cv(banglabert->enhanced_banglabert)
167074	None	enhanced_cascade_cv(banglabert->enhanced_banglabert)
829153	None	enhanced_cascade_cv(banglabert->enhanced_banglabert)
40499	Organization	enhanced_cascade_cv(banglabert->enhanced_banglabert)
233045	None	enhanced_cascade_cv(banglabert->enhanced_banglabert)
375606	Community	enhanced_cascade_cv(banglabert->enhanced_banglabert)
156263	Individual	enhanced_cascade_cv(banglabert->enhanced_banglabert)
132091	Organization	enhanced_cascade_cv(banglabert->enhanced_banglabert)
559369	Individual	enhanced_cascade_cv(banglabert->enhanced_banglabert)
91773	Organization	enhanced_cascade_cv(banglabert->enhanced_banglabert)
681553	None	enhanced_cascade_cv(banglabert->enhanced_banglabert)
451889	Individual	enhanced_cascade_cv(banglabert->enhanced_banglabert)
364298	None	enhanced_cascade_cv(banglabert->enhanced_banglabert)
475018	None	enhanced_cascade_cv(banglabert->enhanced_banglabert)
498828	Individual	enhanced_cascade_cv(banglabert->enhanced_banglabert)
220766	Organization	enhanced_cascade_cv(banglabert->enhanced_banglabert)
596534	None	enhanced_cascade_cv(banglabert->enhanced_banglabert)
893035	None	enhanced_cascade_cv(banglabert->enhanced_banglabert)
721693	None	enhanced_cascade_cv(banglabert->enhanced_banglabert)
566630	Individual	enhanced_cascade_cv(banglabert->enhanced_banglabert)
510917	None	enhanced_cascade_cv(banglabert->enhanced_banglabert)
30335	None	enhanced_cascade_cv(banglabert->enhanced_banglabert)
354009	None	enhanced_cascade_cv(banglabert->enhanced_banglabert)
243048	Individual	enhanced_cascade_cv(banglabert->enhanced_banglabert)
107921	Individual	enhanced_cascade_cv(banglabert->enhanced_banglabert)
711532	None	enhanced_cascade_cv(banglabert->enhanced_banglabert)
831245	Society	enhanced_cascade_cv(banglabert->enhanced_banglabert)
399608	Individual	enhanced_cascade_cv(banglabert->enhanced_banglabert)
417141	Individual	enhanced_cascade_cv(banglabert->enhanced_banglabert)
252720	Individual	enhanced_cascade_cv(banglabert->enhanced_banglabert)
170188	None	enhanced_cascade_cv(banglabert->enhanced_banglabert)
483947	None	enhanced_cascade_cv(banglabert->enhanced_banglabert)
847056	Individual	enhanced_cascade_cv(banglabert->enhanced_banglabert)
367163	Individual	enhanced_cascade_cv(banglabert->enhanced_banglabert)
909156	None	enhanced_cascade_cv(banglabert->enhanced_banglabert)
370219	Individual	enhanced_cascade_cv(banglabert->enhanced_banglabert)
71806	None	enhanced_cascade_cv(banglabert->enhanced_banglabert)
816473	Society	enhanced_cascade_cv(banglabert->enhanced_banglabert)
167294	None	enhanced_cascade_cv(banglabert->enhanced_banglabert)
491544	None	enhanced_cascade_cv(banglabert->enhanced_banglabert)
436246	None	enhanced_cascade_cv(banglabert->enhanced_banglabert)
201893	None	enhanced_cascade_cv(banglabert->enhanced_banglabert)
668650	Community	enhanced_cascade_cv(banglabert->enhanced_banglabert)
63718	Individual	enhanced_cascade_cv(banglabert->enhanced_banglabert)
902166	None	enhanced_cascade_cv(banglabert->enhanced_banglabert)
191091	Organization	enhanced_cascade_cv(banglabert->enhanced_banglabert)
304562	Individual	enhanced_cascade_cv(banglabert->enhanced_banglabert)
31411	Individual	enhanced_cascade_cv(banglabert->enhanced_banglabert)
227352	None	enhanced_cascade_cv(banglabert->enhanced_banglabert)
651254	None	enhanced_cascade_cv(banglabert->enhanced_banglabert)
1166	None	enhanced_cascade_cv(banglabert->enhanced_banglabert)
506179	None	enhanced_cascade_cv(banglabert->enhanced_banglabert)
96808	Community	enhanced_cascade_cv(banglabert->enhanced_banglabert)
923170	None	enhanced_cascade_cv(banglabert->enhanced_banglabert)
693864	None	enhanced_cascade_cv(banglabert->enhanced_banglabert)
137657	None	enhanced_cascade_cv(banglabert->enhanced_banglabert)
233268	None	enhanced_cascade_cv(banglabert->enhanced_banglabert)
615620	None	enhanced_cascade_cv(banglabert->enhanced_banglabert)
438135	None	enhanced_cascade_cv(banglabert->enhanced_banglabert)
102326	Individual	enhanced_cascade_cv(banglabert->enhanced_banglabert)
633408	None	enhanced_cascade_cv(banglabert->enhanced_banglabert)
611056	None	enhanced_cascade_cv(banglabert->enhanced_banglabert)
660700	Organization	enhanced_cascade_cv(banglabert->enhanced_banglabert)
592068	None	enhanced_cascade_cv(banglabert->enhanced_banglabert)
810169	None	enhanced_cascade_cv(banglabert->enhanced_banglabert)
68630	None	enhanced_cascade_cv(banglabert->enhanced_banglabert)
900125	None	enhanced_cascade_cv(banglabert->enhanced_banglabert)
8135	Society	enhanced_cascade_cv(banglabert->enhanced_banglabert)
428767	None	enhanced_cascade_cv(banglabert->enhanced_banglabert)
890006	Organization	enhanced_cascade_cv(banglabert->enhanced_banglabert)
501331	None	enhanced_cascade_cv(banglabert->enhanced_banglabert)
386869	Society	enhanced_cascade_cv(banglabert->enhanced_banglabert)
457538	None	enhanced_cascade_cv(banglabert->enhanced_banglabert)
902366	None	enhanced_cascade_cv(banglabert->enhanced_banglabert)
904408	None	enhanced_cascade_cv(banglabert->enhanced_banglabert)
108794	Individual	enhanced_cascade_cv(banglabert->enhanced_banglabert)
135561	None	enhanced_cascade_cv(banglabert->enhanced_banglabert)
639745	Society	enhanced_cascade_cv(banglabert->enhanced_banglabert)
602490	Individual	enhanced_cascade_cv(banglabert->enhanced_banglabert)
326459	Individual	enhanced_cascade_cv(banglabert->enhanced_banglabert)
859202	None	enhanced_cascade_cv(banglabert->enhanced_banglabert)
473414	None	enhanced_cascade_cv(banglabert->enhanced_banglabert)
726590	Organization	enhanced_cascade_cv(banglabert->enhanced_banglabert)
785752	None	enhanced_cascade_cv(banglabert->enhanced_banglabert)
772939	Society	enhanced_cascade_cv(banglabert->enhanced_banglabert)
352613	Society	enhanced_cascade_cv(banglabert->enhanced_banglabert)
244330	None	enhanced_cascade_cv(banglabert->enhanced_banglabert)
900669	None	enhanced_cascade_cv(banglabert->enhanced_banglabert)
300858	None	enhanced_cascade_cv(banglabert->enhanced_banglabert)
154521	None	enhanced_cascade_cv(banglabert->enhanced_banglabert)
85820	None	enhanced_cascade_cv(banglabert->enhanced_banglabert)
48374	None	enhanced_cascade_cv(banglabert->enhanced_banglabert)
401830	Organization	enhanced_cascade_cv(banglabert->enhanced_banglabert)
659995	None	enhanced_cascade_cv(banglabert->enhanced_banglabert)
481612	None	enhanced_cascade_cv(banglabert->enhanced_banglabert)
353638	None	enhanced_cascade_cv(banglabert->enhanced_banglabert)
155874	None	enhanced_cascade_cv(banglabert->enhanced_banglabert)
150600	None	enhanced_cascade_cv(banglabert->enhanced_banglabert)
644211	Individual	enhanced_cascade_cv(banglabert->enhanced_banglabert)
69914	Community	enhanced_cascade_cv(banglabert->enhanced_banglabert)
895549	None	enhanced_cascade_cv(banglabert->enhanced_banglabert)
391602	None	enhanced_cascade_cv(banglabert->enhanced_banglabert)
188806	Individual	enhanced_cascade_cv(banglabert->enhanced_banglabert)
875163	None	enhanced_cascade_cv(banglabert->enhanced_banglabert)
531401	None	enhanced_cascade_cv(banglabert->enhanced_banglabert)
82518	None	enhanced_cascade_cv(banglabert->enhanced_banglabert)
931919	None	enhanced_cascade_cv(banglabert->enhanced_banglabert)
333351	None	enhanced_cascade_cv(banglabert->enhanced_banglabert)
856298	Individual	enhanced_cascade_cv(banglabert->enhanced_banglabert)
486747	None	enhanced_cascade_cv(banglabert->enhanced_banglabert)
110691	Individual	enhanced_cascade_cv(banglabert->enhanced_banglabert)
2644	Individual	enhanced_cascade_cv(banglabert->enhanced_banglabert)
561120	Community	enhanced_cascade_cv(banglabert->enhanced_banglabert)
130983	None	enhanced_cascade_cv(banglabert->enhanced_banglabert)
501098	None	enhanced_cascade_cv(banglabert->enhanced_banglabert)
82263	Individual	enhanced_cascade_cv(banglabert->enhanced_banglabert)
29182	None	enhanced_cascade_cv(banglabert->enhanced_banglabert)
212273	Organization	enhanced_cascade_cv(banglabert->enhanced_banglabert)
623230	Organization	enhanced_cascade_cv(banglabert->enhanced_banglabert)
6425	Community	enhanced_cascade_cv(banglabert->enhanced_banglabert)
540760	None	enhanced_cascade_cv(banglabert->enhanced_banglabert)
494478	None	enhanced_cascade_cv(banglabert->enhanced_banglabert)
616145	None	enhanced_cascade_cv(banglabert->enhanced_banglabert)
347165	None	enhanced_cascade_cv(banglabert->enhanced_banglabert)
738489	Organization	enhanced_cascade_cv(banglabert->enhanced_banglabert)
171199	None	enhanced_cascade_cv(banglabert->enhanced_banglabert)
299661	Individual	enhanced_cascade_cv(banglabert->enhanced_banglabert)
572130	None	enhanced_cascade_cv(banglabert->enhanced_banglabert)
500521	None	enhanced_cascade_cv(banglabert->enhanced_banglabert)
674339	None	enhanced_cascade_cv(banglabert->enhanced_banglabert)
739286	None	enhanced_cascade_cv(banglabert->enhanced_banglabert)
889123	Individual	enhanced_cascade_cv(banglabert->enhanced_banglabert)
363478	Individual	enhanced_cascade_cv(banglabert->enhanced_banglabert)
409110	None	enhanced_cascade_cv(banglabert->enhanced_banglabert)
362208	Society	enhanced_cascade_cv(banglabert->enhanced_banglabert)
46420	None	enhanced_cascade_cv(banglabert->enhanced_banglabert)
628302	Society	enhanced_cascade_cv(banglabert->enhanced_banglabert)
121278	None	enhanced_cascade_cv(banglabert->enhanced_banglabert)
611302	Individual	enhanced_cascade_cv(banglabert->enhanced_banglabert)
218567	Organization	enhanced_cascade_cv(banglabert->enhanced_banglabert)
735901	None	enhanced_cascade_cv(banglabert->enhanced_banglabert)
465792	Society	enhanced_cascade_cv(banglabert->enhanced_banglabert)
829134	Individual	enhanced_cascade_cv(banglabert->enhanced_banglabert)
11285	None	enhanced_cascade_cv(banglabert->enhanced_banglabert)
561526	None	enhanced_cascade_cv(banglabert->enhanced_banglabert)
192199	None	enhanced_cascade_cv(banglabert->enhanced_banglabert)
928945	Individual	enhanced_cascade_cv(banglabert->enhanced_banglabert)
165162	None	enhanced_cascade_cv(banglabert->enhanced_banglabert)
280630	None	enhanced_cascade_cv(banglabert->enhanced_banglabert)
625122	None	enhanced_cascade_cv(banglabert->enhanced_banglabert)
442311	None	enhanced_cascade_cv(banglabert->enhanced_banglabert)
563147	None	enhanced_cascade_cv(banglabert->enhanced_banglabert)
676593	None	enhanced_cascade_cv(banglabert->enhanced_banglabert)
488817	None	enhanced_cascade_cv(banglabert->enhanced_banglabert)
475977	None	enhanced_cascade_cv(banglabert->enhanced_banglabert)
476390	None	enhanced_cascade_cv(banglabert->enhanced_banglabert)
552776	None	enhanced_cascade_cv(banglabert->enhanced_banglabert)
276751	Individual	enhanced_cascade_cv(banglabert->enhanced_banglabert)
242069	None	enhanced_cascade_cv(banglabert->enhanced_banglabert)
345400	Organization	enhanced_cascade_cv(banglabert->enhanced_banglabert)
874395	None	enhanced_cascade_cv(banglabert->enhanced_banglabert)
872132	None	enhanced_cascade_cv(banglabert->enhanced_banglabert)
613180	None	enhanced_cascade_cv(banglabert->enhanced_banglabert)
456006	None	enhanced_cascade_cv(banglabert->enhanced_banglabert)
899171	Individual	enhanced_cascade_cv(banglabert->enhanced_banglabert)
526595	None	enhanced_cascade_cv(banglabert->enhanced_banglabert)
592644	None	enhanced_cascade_cv(banglabert->enhanced_banglabert)
600825	Organization	enhanced_cascade_cv(banglabert->enhanced_banglabert)
525773	None	enhanced_cascade_cv(banglabert->enhanced_banglabert)
630766	None	enhanced_cascade_cv(banglabert->enhanced_banglabert)
921266	None	enhanced_cascade_cv(banglabert->enhanced_banglabert)
221431	None	enhanced_cascade_cv(banglabert->enhanced_banglabert)
668595	Individual	enhanced_cascade_cv(banglabert->enhanced_banglabert)
163448	Individual	enhanced_cascade_cv(banglabert->enhanced_banglabert)
268035	None	enhanced_cascade_cv(banglabert->enhanced_banglabert)
13055	Organization	enhanced_cascade_cv(banglabert->enhanced_banglabert)
328169	None	enhanced_cascade_cv(banglabert->enhanced_banglabert)
525662	None	enhanced_cascade_cv(banglabert->enhanced_banglabert)
598939	Organization	enhanced_cascade_cv(banglabert->enhanced_banglabert)
883170	None	enhanced_cascade_cv(banglabert->enhanced_banglabert)
28953	Organization	enhanced_cascade_cv(banglabert->enhanced_banglabert)
848058	None	enhanced_cascade_cv(banglabert->enhanced_banglabert)
372514	Society	enhanced_cascade_cv(banglabert->enhanced_banglabert)
147481	None	enhanced_cascade_cv(banglabert->enhanced_banglabert)
251442	None	enhanced_cascade_cv(banglabert->enhanced_banglabert)
325678	None	enhanced_cascade_cv(banglabert->enhanced_banglabert)
175236	None	enhanced_cascade_cv(banglabert->enhanced_banglabert)
117662	None	enhanced_cascade_cv(banglabert->enhanced_banglabert)
502422	None	enhanced_cascade_cv(banglabert->enhanced_banglabert)
214062	Community	enhanced_cascade_cv(banglabert->enhanced_banglabert)
119013	None	enhanced_cascade_cv(banglabert->enhanced_banglabert)
374147	None	enhanced_cascade_cv(banglabert->enhanced_banglabert)
443252	None	enhanced_cascade_cv(banglabert->enhanced_banglabert)
171561	None	enhanced_cascade_cv(banglabert->enhanced_banglabert)
655661	None	enhanced_cascade_cv(banglabert->enhanced_banglabert)
716103	None	enhanced_cascade_cv(banglabert->enhanced_banglabert)
920137	None	enhanced_cascade_cv(banglabert->enhanced_banglabert)
359307	None	enhanced_cascade_cv(banglabert->enhanced_banglabert)
146675	None	enhanced_cascade_cv(banglabert->enhanced_banglabert)
40313	None	enhanced_cascade_cv(banglabert->enhanced_banglabert)
90860	None	enhanced_cascade_cv(banglabert->enhanced_banglabert)
527131	None	enhanced_cascade_cv(banglabert->enhanced_banglabert)
220456	None	enhanced_cascade_cv(banglabert->enhanced_banglabert)
85942	None	enhanced_cascade_cv(banglabert->enhanced_banglabert)
667291	Organization	enhanced_cascade_cv(banglabert->enhanced_banglabert)
441382	Society	enhanced_cascade_cv(banglabert->enhanced_banglabert)
381311	Individual	enhanced_cascade_cv(banglabert->enhanced_banglabert)
835925	None	enhanced_cascade_cv(banglabert->enhanced_banglabert)
888616	None	enhanced_cascade_cv(banglabert->enhanced_banglabert)
698061	None	enhanced_cascade_cv(banglabert->enhanced_banglabert)
39591	None	enhanced_cascade_cv(banglabert->enhanced_banglabert)
920428	None	enhanced_cascade_cv(banglabert->enhanced_banglabert)
640534	None	enhanced_cascade_cv(banglabert->enhanced_banglabert)
68271	Individual	enhanced_cascade_cv(banglabert->enhanced_banglabert)
136411	None	enhanced_cascade_cv(banglabert->enhanced_banglabert)
540991	Organization	enhanced_cascade_cv(banglabert->enhanced_banglabert)
824492	Community	enhanced_cascade_cv(banglabert->enhanced_banglabert)
434469	Society	enhanced_cascade_cv(banglabert->enhanced_banglabert)
422740	Individual	enhanced_cascade_cv(banglabert->enhanced_banglabert)
572161	None	enhanced_cascade_cv(banglabert->enhanced_banglabert)
119098	None	enhanced_cascade_cv(banglabert->enhanced_banglabert)
355165	None	enhanced_cascade_cv(banglabert->enhanced_banglabert)
775199	Community	enhanced_cascade_cv(banglabert->enhanced_banglabert)
837413	Community	enhanced_cascade_cv(banglabert->enhanced_banglabert)
443309	Organization	enhanced_cascade_cv(banglabert->enhanced_banglabert)
587223	Individual	enhanced_cascade_cv(banglabert->enhanced_banglabert)
594572	Society	enhanced_cascade_cv(banglabert->enhanced_banglabert)
22735	Individual	enhanced_cascade_cv(banglabert->enhanced_banglabert)
116413	None	enhanced_cascade_cv(banglabert->enhanced_banglabert)
710583	None	enhanced_cascade_cv(banglabert->enhanced_banglabert)
726636	None	enhanced_cascade_cv(banglabert->enhanced_banglabert)
868107	None	enhanced_cascade_cv(banglabert->enhanced_banglabert)
128785	None	enhanced_cascade_cv(banglabert->enhanced_banglabert)
521034	Organization	enhanced_cascade_cv(banglabert->enhanced_banglabert)
738233	Community	enhanced_cascade_cv(banglabert->enhanced_banglabert)
5308	None	enhanced_cascade_cv(banglabert->enhanced_banglabert)
198886	Society	enhanced_cascade_cv(banglabert->enhanced_banglabert)
894583	None	enhanced_cascade_cv(banglabert->enhanced_banglabert)
804137	Organization	enhanced_cascade_cv(banglabert->enhanced_banglabert)
18542	None	enhanced_cascade_cv(banglabert->enhanced_banglabert)
297422	None	enhanced_cascade_cv(banglabert->enhanced_banglabert)
603678	None	enhanced_cascade_cv(banglabert->enhanced_banglabert)
858228	Individual	enhanced_cascade_cv(banglabert->enhanced_banglabert)
546201	None	enhanced_cascade_cv(banglabert->enhanced_banglabert)
47131	None	enhanced_cascade_cv(banglabert->enhanced_banglabert)
82767	Individual	enhanced_cascade_cv(banglabert->enhanced_banglabert)
728929	None	enhanced_cascade_cv(banglabert->enhanced_banglabert)
693066	None	enhanced_cascade_cv(banglabert->enhanced_banglabert)
848852	None	enhanced_cascade_cv(banglabert->enhanced_banglabert)
362882	None	enhanced_cascade_cv(banglabert->enhanced_banglabert)
546456	None	enhanced_cascade_cv(banglabert->enhanced_banglabert)
75345	None	enhanced_cascade_cv(banglabert->enhanced_banglabert)
279149	Organization	enhanced_cascade_cv(banglabert->enhanced_banglabert)
8283	None	enhanced_cascade_cv(banglabert->enhanced_banglabert)
696820	None	enhanced_cascade_cv(banglabert->enhanced_banglabert)
705215	None	enhanced_cascade_cv(banglabert->enhanced_banglabert)
28959	None	enhanced_cascade_cv(banglabert->enhanced_banglabert)
289930	None	enhanced_cascade_cv(banglabert->enhanced_banglabert)
109655	Organization	enhanced_cascade_cv(banglabert->enhanced_banglabert)
648187	Organization	enhanced_cascade_cv(banglabert->enhanced_banglabert)
221976	None	enhanced_cascade_cv(banglabert->enhanced_banglabert)
837622	None	enhanced_cascade_cv(banglabert->enhanced_banglabert)
360212	None	enhanced_cascade_cv(banglabert->enhanced_banglabert)
161236	Community	enhanced_cascade_cv(banglabert->enhanced_banglabert)
391732	None	enhanced_cascade_cv(banglabert->enhanced_banglabert)
562801	Society	enhanced_cascade_cv(banglabert->enhanced_banglabert)
63256	Society	enhanced_cascade_cv(banglabert->enhanced_banglabert)
381089	None	enhanced_cascade_cv(banglabert->enhanced_banglabert)
510562	Individual	enhanced_cascade_cv(banglabert->enhanced_banglabert)
177616	None	enhanced_cascade_cv(banglabert->enhanced_banglabert)
439929	Individual	enhanced_cascade_cv(banglabert->enhanced_banglabert)
841974	Organization	enhanced_cascade_cv(banglabert->enhanced_banglabert)
113983	Individual	enhanced_cascade_cv(banglabert->enhanced_banglabert)
498745	None	enhanced_cascade_cv(banglabert->enhanced_banglabert)
786905	Individual	enhanced_cascade_cv(banglabert->enhanced_banglabert)
492739	None	enhanced_cascade_cv(banglabert->enhanced_banglabert)
585980	Individual	enhanced_cascade_cv(banglabert->enhanced_banglabert)
425651	None	enhanced_cascade_cv(banglabert->enhanced_banglabert)
569506	Organization	enhanced_cascade_cv(banglabert->enhanced_banglabert)
857246	Individual	enhanced_cascade_cv(banglabert->enhanced_banglabert)
265292	None	enhanced_cascade_cv(banglabert->enhanced_banglabert)
609994	None	enhanced_cascade_cv(banglabert->enhanced_banglabert)
826584	None	enhanced_cascade_cv(banglabert->enhanced_banglabert)
460609	Individual	enhanced_cascade_cv(banglabert->enhanced_banglabert)
644542	None	enhanced_cascade_cv(banglabert->enhanced_banglabert)
276176	Community	enhanced_cascade_cv(banglabert->enhanced_banglabert)
619102	None	enhanced_cascade_cv(banglabert->enhanced_banglabert)
891625	None	enhanced_cascade_cv(banglabert->enhanced_banglabert)
798443	Community	enhanced_cascade_cv(banglabert->enhanced_banglabert)
730888	None	enhanced_cascade_cv(banglabert->enhanced_banglabert)
346632	None	enhanced_cascade_cv(banglabert->enhanced_banglabert)
380253	Organization	enhanced_cascade_cv(banglabert->enhanced_banglabert)
370503	Society	enhanced_cascade_cv(banglabert->enhanced_banglabert)
803701	Individual	enhanced_cascade_cv(banglabert->enhanced_banglabert)
248258	None	enhanced_cascade_cv(banglabert->enhanced_banglabert)
252345	None	enhanced_cascade_cv(banglabert->enhanced_banglabert)
562683	None	enhanced_cascade_cv(banglabert->enhanced_banglabert)
601766	None	enhanced_cascade_cv(banglabert->enhanced_banglabert)
752224	None	enhanced_cascade_cv(banglabert->enhanced_banglabert)
774095	None	enhanced_cascade_cv(banglabert->enhanced_banglabert)
930299	None	enhanced_cascade_cv(banglabert->enhanced_banglabert)
378827	Organization	enhanced_cascade_cv(banglabert->enhanced_banglabert)
656481	None	enhanced_cascade_cv(banglabert->enhanced_banglabert)
500381	None	enhanced_cascade_cv(banglabert->enhanced_banglabert)
27958	None	enhanced_cascade_cv(banglabert->enhanced_banglabert)
928671	None	enhanced_cascade_cv(banglabert->enhanced_banglabert)
390166	Individual	enhanced_cascade_cv(banglabert->enhanced_banglabert)
488577	None	enhanced_cascade_cv(banglabert->enhanced_banglabert)
162980	None	enhanced_cascade_cv(banglabert->enhanced_banglabert)
560228	Individual	enhanced_cascade_cv(banglabert->enhanced_banglabert)
211363	None	enhanced_cascade_cv(banglabert->enhanced_banglabert)
555638	Individual	enhanced_cascade_cv(banglabert->enhanced_banglabert)
528703	Individual	enhanced_cascade_cv(banglabert->enhanced_banglabert)
683734	None	enhanced_cascade_cv(banglabert->enhanced_banglabert)
671313	Individual	enhanced_cascade_cv(banglabert->enhanced_banglabert)
464409	Organization	enhanced_cascade_cv(banglabert->enhanced_banglabert)
697953	None	enhanced_cascade_cv(banglabert->enhanced_banglabert)
769838	None	enhanced_cascade_cv(banglabert->enhanced_banglabert)
643094	None	enhanced_cascade_cv(banglabert->enhanced_banglabert)
659189	Organization	enhanced_cascade_cv(banglabert->enhanced_banglabert)
729086	None	enhanced_cascade_cv(banglabert->enhanced_banglabert)
76120	None	enhanced_cascade_cv(banglabert->enhanced_banglabert)
502902	None	enhanced_cascade_cv(banglabert->enhanced_banglabert)
35497	Community	enhanced_cascade_cv(banglabert->enhanced_banglabert)
878023	Individual	enhanced_cascade_cv(banglabert->enhanced_banglabert)
182903	Organization	enhanced_cascade_cv(banglabert->enhanced_banglabert)
331432	None	enhanced_cascade_cv(banglabert->enhanced_banglabert)
87304	None	enhanced_cascade_cv(banglabert->enhanced_banglabert)
582911	Community	enhanced_cascade_cv(banglabert->enhanced_banglabert)
865624	None	enhanced_cascade_cv(banglabert->enhanced_banglabert)
786884	None	enhanced_cascade_cv(banglabert->enhanced_banglabert)
201460	Organization	enhanced_cascade_cv(banglabert->enhanced_banglabert)
824978	None	enhanced_cascade_cv(banglabert->enhanced_banglabert)
131089	None	enhanced_cascade_cv(banglabert->enhanced_banglabert)
45828	None	enhanced_cascade_cv(banglabert->enhanced_banglabert)
716999	None	enhanced_cascade_cv(banglabert->enhanced_banglabert)
399791	Individual	enhanced_cascade_cv(banglabert->enhanced_banglabert)
822399	None	enhanced_cascade_cv(banglabert->enhanced_banglabert)
468175	None	enhanced_cascade_cv(banglabert->enhanced_banglabert)
559340	None	enhanced_cascade_cv(banglabert->enhanced_banglabert)
564393	Individual	enhanced_cascade_cv(banglabert->enhanced_banglabert)
292000	None	enhanced_cascade_cv(banglabert->enhanced_banglabert)
399452	None	enhanced_cascade_cv(banglabert->enhanced_banglabert)
136541	None	enhanced_cascade_cv(banglabert->enhanced_banglabert)
926094	None	enhanced_cascade_cv(banglabert->enhanced_banglabert)
246108	None	enhanced_cascade_cv(banglabert->enhanced_banglabert)
825840	None	enhanced_cascade_cv(banglabert->enhanced_banglabert)
581994	Community	enhanced_cascade_cv(banglabert->enhanced_banglabert)
354067	None	enhanced_cascade_cv(banglabert->enhanced_banglabert)
681734	None	enhanced_cascade_cv(banglabert->enhanced_banglabert)
26649	None	enhanced_cascade_cv(banglabert->enhanced_banglabert)
627386	None	enhanced_cascade_cv(banglabert->enhanced_banglabert)
145008	None	enhanced_cascade_cv(banglabert->enhanced_banglabert)
915087	None	enhanced_cascade_cv(banglabert->enhanced_banglabert)
547709	None	enhanced_cascade_cv(banglabert->enhanced_banglabert)
281881	Organization	enhanced_cascade_cv(banglabert->enhanced_banglabert)
273124	Organization	enhanced_cascade_cv(banglabert->enhanced_banglabert)
605863	None	enhanced_cascade_cv(banglabert->enhanced_banglabert)
415658	Individual	enhanced_cascade_cv(banglabert->enhanced_banglabert)
726974	Community	enhanced_cascade_cv(banglabert->enhanced_banglabert)
397924	None	enhanced_cascade_cv(banglabert->enhanced_banglabert)
404924	None	enhanced_cascade_cv(banglabert->enhanced_banglabert)
297714	None	enhanced_cascade_cv(banglabert->enhanced_banglabert)
63483	None	enhanced_cascade_cv(banglabert->enhanced_banglabert)
322043	None	enhanced_cascade_cv(banglabert->enhanced_banglabert)
234193	None	enhanced_cascade_cv(banglabert->enhanced_banglabert)
719447	None	enhanced_cascade_cv(banglabert->enhanced_banglabert)
385281	None	enhanced_cascade_cv(banglabert->enhanced_banglabert)
63708	None	enhanced_cascade_cv(banglabert->enhanced_banglabert)
333270	Organization	enhanced_cascade_cv(banglabert->enhanced_banglabert)
700234	None	enhanced_cascade_cv(banglabert->enhanced_banglabert)
265890	None	enhanced_cascade_cv(banglabert->enhanced_banglabert)
841683	Individual	enhanced_cascade_cv(banglabert->enhanced_banglabert)
46046	Individual	enhanced_cascade_cv(banglabert->enhanced_banglabert)
7628	Individual	enhanced_cascade_cv(banglabert->enhanced_banglabert)
385452	Individual	enhanced_cascade_cv(banglabert->enhanced_banglabert)
666403	None	enhanced_cascade_cv(banglabert->enhanced_banglabert)
651179	None	enhanced_cascade_cv(banglabert->enhanced_banglabert)
526158	None	enhanced_cascade_cv(banglabert->enhanced_banglabert)
235512	Organization	enhanced_cascade_cv(banglabert->enhanced_banglabert)
647610	Community	enhanced_cascade_cv(banglabert->enhanced_banglabert)
684832	None	enhanced_cascade_cv(banglabert->enhanced_banglabert)
688194	None	enhanced_cascade_cv(banglabert->enhanced_banglabert)
835048	None	enhanced_cascade_cv(banglabert->enhanced_banglabert)
295774	None	enhanced_cascade_cv(banglabert->enhanced_banglabert)
936137	None	enhanced_cascade_cv(banglabert->enhanced_banglabert)
527913	None	enhanced_cascade_cv(banglabert->enhanced_banglabert)
844457	None	enhanced_cascade_cv(banglabert->enhanced_banglabert)
94083	Individual	enhanced_cascade_cv(banglabert->enhanced_banglabert)
918182	None	enhanced_cascade_cv(banglabert->enhanced_banglabert)
675306	None	enhanced_cascade_cv(banglabert->enhanced_banglabert)
164879	None	enhanced_cascade_cv(banglabert->enhanced_banglabert)
135358	Individual	enhanced_cascade_cv(banglabert->enhanced_banglabert)
419189	None	enhanced_cascade_cv(banglabert->enhanced_banglabert)
367074	Society	enhanced_cascade_cv(banglabert->enhanced_banglabert)
904401	None	enhanced_cascade_cv(banglabert->enhanced_banglabert)
885491	Community	enhanced_cascade_cv(banglabert->enhanced_banglabert)
399277	None	enhanced_cascade_cv(banglabert->enhanced_banglabert)
335110	Community	enhanced_cascade_cv(banglabert->enhanced_banglabert)
727424	None	enhanced_cascade_cv(banglabert->enhanced_banglabert)
886894	None	enhanced_cascade_cv(banglabert->enhanced_banglabert)
67349	Organization	enhanced_cascade_cv(banglabert->enhanced_banglabert)
397383	None	enhanced_cascade_cv(banglabert->enhanced_banglabert)
557190	None	enhanced_cascade_cv(banglabert->enhanced_banglabert)
646473	Community	enhanced_cascade_cv(banglabert->enhanced_banglabert)
723824	None	enhanced_cascade_cv(banglabert->enhanced_banglabert)
591417	None	enhanced_cascade_cv(banglabert->enhanced_banglabert)
336787	Individual	enhanced_cascade_cv(banglabert->enhanced_banglabert)
222633	None	enhanced_cascade_cv(banglabert->enhanced_banglabert)
389169	Community	enhanced_cascade_cv(banglabert->enhanced_banglabert)
536990	Individual	enhanced_cascade_cv(banglabert->enhanced_banglabert)
464931	None	enhanced_cascade_cv(banglabert->enhanced_banglabert)
271738	None	enhanced_cascade_cv(banglabert->enhanced_banglabert)
250102	Organization	enhanced_cascade_cv(banglabert->enhanced_banglabert)
81993	Community	enhanced_cascade_cv(banglabert->enhanced_banglabert)
712190	None	enhanced_cascade_cv(banglabert->enhanced_banglabert)
11416	None	enhanced_cascade_cv(banglabert->enhanced_banglabert)
821017	Community	enhanced_cascade_cv(banglabert->enhanced_banglabert)
81196	None	enhanced_cascade_cv(banglabert->enhanced_banglabert)
310154	None	enhanced_cascade_cv(banglabert->enhanced_banglabert)
679181	Community	enhanced_cascade_cv(banglabert->enhanced_banglabert)
180647	None	enhanced_cascade_cv(banglabert->enhanced_banglabert)
51949	Community	enhanced_cascade_cv(banglabert->enhanced_banglabert)
822701	Individual	enhanced_cascade_cv(banglabert->enhanced_banglabert)
912407	Community	enhanced_cascade_cv(banglabert->enhanced_banglabert)
893154	None	enhanced_cascade_cv(banglabert->enhanced_banglabert)
501987	None	enhanced_cascade_cv(banglabert->enhanced_banglabert)
600447	Society	enhanced_cascade_cv(banglabert->enhanced_banglabert)
98057	None	enhanced_cascade_cv(banglabert->enhanced_banglabert)
250188	Individual	enhanced_cascade_cv(banglabert->enhanced_banglabert)
828949	None	enhanced_cascade_cv(banglabert->enhanced_banglabert)
485208	None	enhanced_cascade_cv(banglabert->enhanced_banglabert)
663570	None	enhanced_cascade_cv(banglabert->enhanced_banglabert)
829683	None	enhanced_cascade_cv(banglabert->enhanced_banglabert)
635887	None	enhanced_cascade_cv(banglabert->enhanced_banglabert)
347313	None	enhanced_cascade_cv(banglabert->enhanced_banglabert)
871351	Organization	enhanced_cascade_cv(banglabert->enhanced_banglabert)
41186	None	enhanced_cascade_cv(banglabert->enhanced_banglabert)
209087	None	enhanced_cascade_cv(banglabert->enhanced_banglabert)
609508	Organization	enhanced_cascade_cv(banglabert->enhanced_banglabert)
93819	None	enhanced_cascade_cv(banglabert->enhanced_banglabert)
906773	None	enhanced_cascade_cv(banglabert->enhanced_banglabert)
164314	None	enhanced_cascade_cv(banglabert->enhanced_banglabert)
922627	None	enhanced_cascade_cv(banglabert->enhanced_banglabert)
580295	None	enhanced_cascade_cv(banglabert->enhanced_banglabert)
320403	None	enhanced_cascade_cv(banglabert->enhanced_banglabert)
131965	None	enhanced_cascade_cv(banglabert->enhanced_banglabert)
790489	Society	enhanced_cascade_cv(banglabert->enhanced_banglabert)
258586	None	enhanced_cascade_cv(banglabert->enhanced_banglabert)
149958	Organization	enhanced_cascade_cv(banglabert->enhanced_banglabert)
524231	None	enhanced_cascade_cv(banglabert->enhanced_banglabert)
877558	Society	enhanced_cascade_cv(banglabert->enhanced_banglabert)
728208	None	enhanced_cascade_cv(banglabert->enhanced_banglabert)
421836	Organization	enhanced_cascade_cv(banglabert->enhanced_banglabert)
80075	None	enhanced_cascade_cv(banglabert->enhanced_banglabert)
517299	None	enhanced_cascade_cv(banglabert->enhanced_banglabert)
129667	Organization	enhanced_cascade_cv(banglabert->enhanced_banglabert)
834853	Individual	enhanced_cascade_cv(banglabert->enhanced_banglabert)
512238	Individual	enhanced_cascade_cv(banglabert->enhanced_banglabert)
154916	None	enhanced_cascade_cv(banglabert->enhanced_banglabert)
750522	None	enhanced_cascade_cv(banglabert->enhanced_banglabert)
468203	None	enhanced_cascade_cv(banglabert->enhanced_banglabert)
427803	None	enhanced_cascade_cv(banglabert->enhanced_banglabert)
146156	None	enhanced_cascade_cv(banglabert->enhanced_banglabert)
333979	None	enhanced_cascade_cv(banglabert->enhanced_banglabert)
478605	None	enhanced_cascade_cv(banglabert->enhanced_banglabert)
695510	Community	enhanced_cascade_cv(banglabert->enhanced_banglabert)
595492	None	enhanced_cascade_cv(banglabert->enhanced_banglabert)
73581	None	enhanced_cascade_cv(banglabert->enhanced_banglabert)
446110	None	enhanced_cascade_cv(banglabert->enhanced_banglabert)
73708	None	enhanced_cascade_cv(banglabert->enhanced_banglabert)
309066	Society	enhanced_cascade_cv(banglabert->enhanced_banglabert)
464922	None	enhanced_cascade_cv(banglabert->enhanced_banglabert)
335323	Individual	enhanced_cascade_cv(banglabert->enhanced_banglabert)
894940	None	enhanced_cascade_cv(banglabert->enhanced_banglabert)
760055	Society	enhanced_cascade_cv(banglabert->enhanced_banglabert)
300274	Organization	enhanced_cascade_cv(banglabert->enhanced_banglabert)
744701	None	enhanced_cascade_cv(banglabert->enhanced_banglabert)
145343	None	enhanced_cascade_cv(banglabert->enhanced_banglabert)
386458	None	enhanced_cascade_cv(banglabert->enhanced_banglabert)
245102	None	enhanced_cascade_cv(banglabert->enhanced_banglabert)
331635	None	enhanced_cascade_cv(banglabert->enhanced_banglabert)
603164	None	enhanced_cascade_cv(banglabert->enhanced_banglabert)
832827	Society	enhanced_cascade_cv(banglabert->enhanced_banglabert)
617494	Organization	enhanced_cascade_cv(banglabert->enhanced_banglabert)
459408	None	enhanced_cascade_cv(banglabert->enhanced_banglabert)
758944	Community	enhanced_cascade_cv(banglabert->enhanced_banglabert)
435141	Society	enhanced_cascade_cv(banglabert->enhanced_banglabert)
894471	None	enhanced_cascade_cv(banglabert->enhanced_banglabert)
879749	None	enhanced_cascade_cv(banglabert->enhanced_banglabert)
100340	None	enhanced_cascade_cv(banglabert->enhanced_banglabert)
157977	None	enhanced_cascade_cv(banglabert->enhanced_banglabert)
100523	None	enhanced_cascade_cv(banglabert->enhanced_banglabert)
19240	None	enhanced_cascade_cv(banglabert->enhanced_banglabert)
609427	None	enhanced_cascade_cv(banglabert->enhanced_banglabert)
698537	None	enhanced_cascade_cv(banglabert->enhanced_banglabert)
639002	Individual	enhanced_cascade_cv(banglabert->enhanced_banglabert)
169203	None	enhanced_cascade_cv(banglabert->enhanced_banglabert)
827808	Organization	enhanced_cascade_cv(banglabert->enhanced_banglabert)
707068	None	enhanced_cascade_cv(banglabert->enhanced_banglabert)
227085	Individual	enhanced_cascade_cv(banglabert->enhanced_banglabert)
567057	None	enhanced_cascade_cv(banglabert->enhanced_banglabert)
244933	Individual	enhanced_cascade_cv(banglabert->enhanced_banglabert)
73391	Individual	enhanced_cascade_cv(banglabert->enhanced_banglabert)
469472	Community	enhanced_cascade_cv(banglabert->enhanced_banglabert)
101243	None	enhanced_cascade_cv(banglabert->enhanced_banglabert)
443447	None	enhanced_cascade_cv(banglabert->enhanced_banglabert)
223631	None	enhanced_cascade_cv(banglabert->enhanced_banglabert)
60877	None	enhanced_cascade_cv(banglabert->enhanced_banglabert)
627019	None	enhanced_cascade_cv(banglabert->enhanced_banglabert)
41524	None	enhanced_cascade_cv(banglabert->enhanced_banglabert)
510107	Individual	enhanced_cascade_cv(banglabert->enhanced_banglabert)
48829	None	enhanced_cascade_cv(banglabert->enhanced_banglabert)
631587	None	enhanced_cascade_cv(banglabert->enhanced_banglabert)
273738	Organization	enhanced_cascade_cv(banglabert->enhanced_banglabert)
412411	Community	enhanced_cascade_cv(banglabert->enhanced_banglabert)
95413	Organization	enhanced_cascade_cv(banglabert->enhanced_banglabert)
778490	None	enhanced_cascade_cv(banglabert->enhanced_banglabert)
511909	None	enhanced_cascade_cv(banglabert->enhanced_banglabert)
753789	Society	enhanced_cascade_cv(banglabert->enhanced_banglabert)
365059	Individual	enhanced_cascade_cv(banglabert->enhanced_banglabert)
837143	Individual	enhanced_cascade_cv(banglabert->enhanced_banglabert)
496482	Organization	enhanced_cascade_cv(banglabert->enhanced_banglabert)
903692	None	enhanced_cascade_cv(banglabert->enhanced_banglabert)
452308	None	enhanced_cascade_cv(banglabert->enhanced_banglabert)
604597	Community	enhanced_cascade_cv(banglabert->enhanced_banglabert)
516479	None	enhanced_cascade_cv(banglabert->enhanced_banglabert)
884813	None	enhanced_cascade_cv(banglabert->enhanced_banglabert)
316375	None	enhanced_cascade_cv(banglabert->enhanced_banglabert)
128273	None	enhanced_cascade_cv(banglabert->enhanced_banglabert)
932106	None	enhanced_cascade_cv(banglabert->enhanced_banglabert)
338346	Individual	enhanced_cascade_cv(banglabert->enhanced_banglabert)
781358	None	enhanced_cascade_cv(banglabert->enhanced_banglabert)
245253	None	enhanced_cascade_cv(banglabert->enhanced_banglabert)
440543	None	enhanced_cascade_cv(banglabert->enhanced_banglabert)
69508	None	enhanced_cascade_cv(banglabert->enhanced_banglabert)
46748	Individual	enhanced_cascade_cv(banglabert->enhanced_banglabert)
77622	None	enhanced_cascade_cv(banglabert->enhanced_banglabert)
772309	None	enhanced_cascade_cv(banglabert->enhanced_banglabert)
758729	None	enhanced_cascade_cv(banglabert->enhanced_banglabert)
291623	Community	enhanced_cascade_cv(banglabert->enhanced_banglabert)
79228	Community	enhanced_cascade_cv(banglabert->enhanced_banglabert)
672177	None	enhanced_cascade_cv(banglabert->enhanced_banglabert)
123280	Individual	enhanced_cascade_cv(banglabert->enhanced_banglabert)
246668	None	enhanced_cascade_cv(banglabert->enhanced_banglabert)
540577	None	enhanced_cascade_cv(banglabert->enhanced_banglabert)
678402	Society	enhanced_cascade_cv(banglabert->enhanced_banglabert)
627222	None	enhanced_cascade_cv(banglabert->enhanced_banglabert)
349744	None	enhanced_cascade_cv(banglabert->enhanced_banglabert)
892828	Individual	enhanced_cascade_cv(banglabert->enhanced_banglabert)
790220	None	enhanced_cascade_cv(banglabert->enhanced_banglabert)
489069	Individual	enhanced_cascade_cv(banglabert->enhanced_banglabert)
576472	Organization	enhanced_cascade_cv(banglabert->enhanced_banglabert)
362619	None	enhanced_cascade_cv(banglabert->enhanced_banglabert)
888632	None	enhanced_cascade_cv(banglabert->enhanced_banglabert)
157427	None	enhanced_cascade_cv(banglabert->enhanced_banglabert)
88274	Organization	enhanced_cascade_cv(banglabert->enhanced_banglabert)
654296	None	enhanced_cascade_cv(banglabert->enhanced_banglabert)
546871	None	enhanced_cascade_cv(banglabert->enhanced_banglabert)
714366	None	enhanced_cascade_cv(banglabert->enhanced_banglabert)
124924	None	enhanced_cascade_cv(banglabert->enhanced_banglabert)
140611	None	enhanced_cascade_cv(banglabert->enhanced_banglabert)
119558	None	enhanced_cascade_cv(banglabert->enhanced_banglabert)
603201	None	enhanced_cascade_cv(banglabert->enhanced_banglabert)
356978	None	enhanced_cascade_cv(banglabert->enhanced_banglabert)
737157	Community	enhanced_cascade_cv(banglabert->enhanced_banglabert)
717086	None	enhanced_cascade_cv(banglabert->enhanced_banglabert)
878114	None	enhanced_cascade_cv(banglabert->enhanced_banglabert)
438274	None	enhanced_cascade_cv(banglabert->enhanced_banglabert)
332470	Individual	enhanced_cascade_cv(banglabert->enhanced_banglabert)
277190	None	enhanced_cascade_cv(banglabert->enhanced_banglabert)
233769	Individual	enhanced_cascade_cv(banglabert->enhanced_banglabert)
928377	Individual	enhanced_cascade_cv(banglabert->enhanced_banglabert)
254669	None	enhanced_cascade_cv(banglabert->enhanced_banglabert)
175420	None	enhanced_cascade_cv(banglabert->enhanced_banglabert)
269571	None	enhanced_cascade_cv(banglabert->enhanced_banglabert)
142080	Organization	enhanced_cascade_cv(banglabert->enhanced_banglabert)
517120	None	enhanced_cascade_cv(banglabert->enhanced_banglabert)
692974	Community	enhanced_cascade_cv(banglabert->enhanced_banglabert)
209866	Organization	enhanced_cascade_cv(banglabert->enhanced_banglabert)
845841	None	enhanced_cascade_cv(banglabert->enhanced_banglabert)
205879	Community	enhanced_cascade_cv(banglabert->enhanced_banglabert)
369385	Organization	enhanced_cascade_cv(banglabert->enhanced_banglabert)
764706	None	enhanced_cascade_cv(banglabert->enhanced_banglabert)
504039	None	enhanced_cascade_cv(banglabert->enhanced_banglabert)
878750	None	enhanced_cascade_cv(banglabert->enhanced_banglabert)
671380	Community	enhanced_cascade_cv(banglabert->enhanced_banglabert)
694236	Individual	enhanced_cascade_cv(banglabert->enhanced_banglabert)
565463	None	enhanced_cascade_cv(banglabert->enhanced_banglabert)
544801	Individual	enhanced_cascade_cv(banglabert->enhanced_banglabert)
307571	None	enhanced_cascade_cv(banglabert->enhanced_banglabert)
557408	None	enhanced_cascade_cv(banglabert->enhanced_banglabert)
931038	None	enhanced_cascade_cv(banglabert->enhanced_banglabert)
795336	None	enhanced_cascade_cv(banglabert->enhanced_banglabert)
743568	None	enhanced_cascade_cv(banglabert->enhanced_banglabert)
281059	Organization	enhanced_cascade_cv(banglabert->enhanced_banglabert)
241218	Organization	enhanced_cascade_cv(banglabert->enhanced_banglabert)
493143	Organization	enhanced_cascade_cv(banglabert->enhanced_banglabert)
4211	Individual	enhanced_cascade_cv(banglabert->enhanced_banglabert)
466053	None	enhanced_cascade_cv(banglabert->enhanced_banglabert)
559620	None	enhanced_cascade_cv(banglabert->enhanced_banglabert)
593980	Individual	enhanced_cascade_cv(banglabert->enhanced_banglabert)
786474	None	enhanced_cascade_cv(banglabert->enhanced_banglabert)
430212	None	enhanced_cascade_cv(banglabert->enhanced_banglabert)
404662	Individual	enhanced_cascade_cv(banglabert->enhanced_banglabert)
174220	None	enhanced_cascade_cv(banglabert->enhanced_banglabert)
807057	None	enhanced_cascade_cv(banglabert->enhanced_banglabert)
680306	Society	enhanced_cascade_cv(banglabert->enhanced_banglabert)
235465	None	enhanced_cascade_cv(banglabert->enhanced_banglabert)
657276	Individual	enhanced_cascade_cv(banglabert->enhanced_banglabert)
268333	None	enhanced_cascade_cv(banglabert->enhanced_banglabert)
397874	None	enhanced_cascade_cv(banglabert->enhanced_banglabert)
451433	None	enhanced_cascade_cv(banglabert->enhanced_banglabert)
375904	None	enhanced_cascade_cv(banglabert->enhanced_banglabert)
557325	None	enhanced_cascade_cv(banglabert->enhanced_banglabert)
232414	Individual	enhanced_cascade_cv(banglabert->enhanced_banglabert)
9702	Individual	enhanced_cascade_cv(banglabert->enhanced_banglabert)
11159	Community	enhanced_cascade_cv(banglabert->enhanced_banglabert)
43434	Individual	enhanced_cascade_cv(banglabert->enhanced_banglabert)
821366	Society	enhanced_cascade_cv(banglabert->enhanced_banglabert)
103702	Individual	enhanced_cascade_cv(banglabert->enhanced_banglabert)
782050	Individual	enhanced_cascade_cv(banglabert->enhanced_banglabert)
464774	None	enhanced_cascade_cv(banglabert->enhanced_banglabert)
494862	Community	enhanced_cascade_cv(banglabert->enhanced_banglabert)
257348	None	enhanced_cascade_cv(banglabert->enhanced_banglabert)
558234	Community	enhanced_cascade_cv(banglabert->enhanced_banglabert)
926892	Organization	enhanced_cascade_cv(banglabert->enhanced_banglabert)
472086	None	enhanced_cascade_cv(banglabert->enhanced_banglabert)
71998	Organization	enhanced_cascade_cv(banglabert->enhanced_banglabert)
386085	Individual	enhanced_cascade_cv(banglabert->enhanced_banglabert)
932001	Individual	enhanced_cascade_cv(banglabert->enhanced_banglabert)
550966	None	enhanced_cascade_cv(banglabert->enhanced_banglabert)
217614	Individual	enhanced_cascade_cv(banglabert->enhanced_banglabert)
751613	None	enhanced_cascade_cv(banglabert->enhanced_banglabert)
829917	Society	enhanced_cascade_cv(banglabert->enhanced_banglabert)
715475	None	enhanced_cascade_cv(banglabert->enhanced_banglabert)
195427	Organization	enhanced_cascade_cv(banglabert->enhanced_banglabert)
357847	None	enhanced_cascade_cv(banglabert->enhanced_banglabert)
344389	Organization	enhanced_cascade_cv(banglabert->enhanced_banglabert)
724484	None	enhanced_cascade_cv(banglabert->enhanced_banglabert)
566318	None	enhanced_cascade_cv(banglabert->enhanced_banglabert)
229920	None	enhanced_cascade_cv(banglabert->enhanced_banglabert)
291141	Organization	enhanced_cascade_cv(banglabert->enhanced_banglabert)
685003	None	enhanced_cascade_cv(banglabert->enhanced_banglabert)
823068	Individual	enhanced_cascade_cv(banglabert->enhanced_banglabert)
467304	None	enhanced_cascade_cv(banglabert->enhanced_banglabert)
623209	Individual	enhanced_cascade_cv(banglabert->enhanced_banglabert)
391054	None	enhanced_cascade_cv(banglabert->enhanced_banglabert)
408728	Community	enhanced_cascade_cv(banglabert->enhanced_banglabert)
828880	Society	enhanced_cascade_cv(banglabert->enhanced_banglabert)
817214	None	enhanced_cascade_cv(banglabert->enhanced_banglabert)
796154	None	enhanced_cascade_cv(banglabert->enhanced_banglabert)
382892	None	enhanced_cascade_cv(banglabert->enhanced_banglabert)
517694	None	enhanced_cascade_cv(banglabert->enhanced_banglabert)
867699	None	enhanced_cascade_cv(banglabert->enhanced_banglabert)
701100	Community	enhanced_cascade_cv(banglabert->enhanced_banglabert)
243586	None	enhanced_cascade_cv(banglabert->enhanced_banglabert)
813985	None	enhanced_cascade_cv(banglabert->enhanced_banglabert)
278215	None	enhanced_cascade_cv(banglabert->enhanced_banglabert)
470395	None	enhanced_cascade_cv(banglabert->enhanced_banglabert)
708810	None	enhanced_cascade_cv(banglabert->enhanced_banglabert)
526539	None	enhanced_cascade_cv(banglabert->enhanced_banglabert)
559111	Individual	enhanced_cascade_cv(banglabert->enhanced_banglabert)
357223	None	enhanced_cascade_cv(banglabert->enhanced_banglabert)
921429	None	enhanced_cascade_cv(banglabert->enhanced_banglabert)
324418	Society	enhanced_cascade_cv(banglabert->enhanced_banglabert)
650935	Community	enhanced_cascade_cv(banglabert->enhanced_banglabert)
38930	Individual	enhanced_cascade_cv(banglabert->enhanced_banglabert)
8971	None	enhanced_cascade_cv(banglabert->enhanced_banglabert)
739479	Society	enhanced_cascade_cv(banglabert->enhanced_banglabert)
797851	Individual	enhanced_cascade_cv(banglabert->enhanced_banglabert)
760390	Individual	enhanced_cascade_cv(banglabert->enhanced_banglabert)
831693	None	enhanced_cascade_cv(banglabert->enhanced_banglabert)
862239	None	enhanced_cascade_cv(banglabert->enhanced_banglabert)
278473	Individual	enhanced_cascade_cv(banglabert->enhanced_banglabert)
641709	None	enhanced_cascade_cv(banglabert->enhanced_banglabert)
40920	Community	enhanced_cascade_cv(banglabert->enhanced_banglabert)
452383	None	enhanced_cascade_cv(banglabert->enhanced_banglabert)
887001	None	enhanced_cascade_cv(banglabert->enhanced_banglabert)
807629	None	enhanced_cascade_cv(banglabert->enhanced_banglabert)
742470	None	enhanced_cascade_cv(banglabert->enhanced_banglabert)
906061	None	enhanced_cascade_cv(banglabert->enhanced_banglabert)
633257	None	enhanced_cascade_cv(banglabert->enhanced_banglabert)
351010	None	enhanced_cascade_cv(banglabert->enhanced_banglabert)
823876	Organization	enhanced_cascade_cv(banglabert->enhanced_banglabert)
334604	Organization	enhanced_cascade_cv(banglabert->enhanced_banglabert)
445824	None	enhanced_cascade_cv(banglabert->enhanced_banglabert)
468140	Society	enhanced_cascade_cv(banglabert->enhanced_banglabert)
394049	Organization	enhanced_cascade_cv(banglabert->enhanced_banglabert)
162757	None	enhanced_cascade_cv(banglabert->enhanced_banglabert)
57731	None	enhanced_cascade_cv(banglabert->enhanced_banglabert)
371906	None	enhanced_cascade_cv(banglabert->enhanced_banglabert)
700128	None	enhanced_cascade_cv(banglabert->enhanced_banglabert)
839768	None	enhanced_cascade_cv(banglabert->enhanced_banglabert)
411555	None	enhanced_cascade_cv(banglabert->enhanced_banglabert)
84795	Organization	enhanced_cascade_cv(banglabert->enhanced_banglabert)
774878	Society	enhanced_cascade_cv(banglabert->enhanced_banglabert)
505229	None	enhanced_cascade_cv(banglabert->enhanced_banglabert)
289014	Individual	enhanced_cascade_cv(banglabert->enhanced_banglabert)
694048	None	enhanced_cascade_cv(banglabert->enhanced_banglabert)
181111	Individual	enhanced_cascade_cv(banglabert->enhanced_banglabert)
46517	Organization	enhanced_cascade_cv(banglabert->enhanced_banglabert)
97053	Individual	enhanced_cascade_cv(banglabert->enhanced_banglabert)
746764	None	enhanced_cascade_cv(banglabert->enhanced_banglabert)
390622	None	enhanced_cascade_cv(banglabert->enhanced_banglabert)
444633	None	enhanced_cascade_cv(banglabert->enhanced_banglabert)
103602	None	enhanced_cascade_cv(banglabert->enhanced_banglabert)
224242	Individual	enhanced_cascade_cv(banglabert->enhanced_banglabert)
477505	None	enhanced_cascade_cv(banglabert->enhanced_banglabert)
92649	None	enhanced_cascade_cv(banglabert->enhanced_banglabert)
360414	Organization	enhanced_cascade_cv(banglabert->enhanced_banglabert)
63542	Community	enhanced_cascade_cv(banglabert->enhanced_banglabert)
301203	Organization	enhanced_cascade_cv(banglabert->enhanced_banglabert)
508058	Individual	enhanced_cascade_cv(banglabert->enhanced_banglabert)
738605	None	enhanced_cascade_cv(banglabert->enhanced_banglabert)
172299	None	enhanced_cascade_cv(banglabert->enhanced_banglabert)
378925	Community	enhanced_cascade_cv(banglabert->enhanced_banglabert)
607161	None	enhanced_cascade_cv(banglabert->enhanced_banglabert)
380233	Community	enhanced_cascade_cv(banglabert->enhanced_banglabert)
540926	None	enhanced_cascade_cv(banglabert->enhanced_banglabert)
668969	Organization	enhanced_cascade_cv(banglabert->enhanced_banglabert)
316990	None	enhanced_cascade_cv(banglabert->enhanced_banglabert)
482466	Society	enhanced_cascade_cv(banglabert->enhanced_banglabert)
260887	None	enhanced_cascade_cv(banglabert->enhanced_banglabert)
563963	None	enhanced_cascade_cv(banglabert->enhanced_banglabert)
917361	None	enhanced_cascade_cv(banglabert->enhanced_banglabert)
266571	Organization	enhanced_cascade_cv(banglabert->enhanced_banglabert)
51068	None	enhanced_cascade_cv(banglabert->enhanced_banglabert)
348468	None	enhanced_cascade_cv(banglabert->enhanced_banglabert)
807445	None	enhanced_cascade_cv(banglabert->enhanced_banglabert)
427140	None	enhanced_cascade_cv(banglabert->enhanced_banglabert)
422165	None	enhanced_cascade_cv(banglabert->enhanced_banglabert)
55904	None	enhanced_cascade_cv(banglabert->enhanced_banglabert)
265434	None	enhanced_cascade_cv(banglabert->enhanced_banglabert)
267256	None	enhanced_cascade_cv(banglabert->enhanced_banglabert)
518142	None	enhanced_cascade_cv(banglabert->enhanced_banglabert)
782489	None	enhanced_cascade_cv(banglabert->enhanced_banglabert)
916917	None	enhanced_cascade_cv(banglabert->enhanced_banglabert)
591157	Organization	enhanced_cascade_cv(banglabert->enhanced_banglabert)
662682	None	enhanced_cascade_cv(banglabert->enhanced_banglabert)
393092	Organization	enhanced_cascade_cv(banglabert->enhanced_banglabert)
915065	None	enhanced_cascade_cv(banglabert->enhanced_banglabert)
33824	None	enhanced_cascade_cv(banglabert->enhanced_banglabert)
756658	Society	enhanced_cascade_cv(banglabert->enhanced_banglabert)
658706	Individual	enhanced_cascade_cv(banglabert->enhanced_banglabert)
727816	None	enhanced_cascade_cv(banglabert->enhanced_banglabert)
654176	Society	enhanced_cascade_cv(banglabert->enhanced_banglabert)
182173	None	enhanced_cascade_cv(banglabert->enhanced_banglabert)
399562	Organization	enhanced_cascade_cv(banglabert->enhanced_banglabert)
435617	None	enhanced_cascade_cv(banglabert->enhanced_banglabert)
112763	Individual	enhanced_cascade_cv(banglabert->enhanced_banglabert)
91780	Organization	enhanced_cascade_cv(banglabert->enhanced_banglabert)
396665	None	enhanced_cascade_cv(banglabert->enhanced_banglabert)
513823	None	enhanced_cascade_cv(banglabert->enhanced_banglabert)
321815	None	enhanced_cascade_cv(banglabert->enhanced_banglabert)
706639	None	enhanced_cascade_cv(banglabert->enhanced_banglabert)
790250	Society	enhanced_cascade_cv(banglabert->enhanced_banglabert)
243116	Organization	enhanced_cascade_cv(banglabert->enhanced_banglabert)
869136	Organization	enhanced_cascade_cv(banglabert->enhanced_banglabert)
628622	Individual	enhanced_cascade_cv(banglabert->enhanced_banglabert)
425618	None	enhanced_cascade_cv(banglabert->enhanced_banglabert)
348905	None	enhanced_cascade_cv(banglabert->enhanced_banglabert)
280702	Individual	enhanced_cascade_cv(banglabert->enhanced_banglabert)
796835	None	enhanced_cascade_cv(banglabert->enhanced_banglabert)
339696	None	enhanced_cascade_cv(banglabert->enhanced_banglabert)
664582	None	enhanced_cascade_cv(banglabert->enhanced_banglabert)
219751	None	enhanced_cascade_cv(banglabert->enhanced_banglabert)
861727	None	enhanced_cascade_cv(banglabert->enhanced_banglabert)
194260	Individual	enhanced_cascade_cv(banglabert->enhanced_banglabert)
33277	None	enhanced_cascade_cv(banglabert->enhanced_banglabert)
224231	Individual	enhanced_cascade_cv(banglabert->enhanced_banglabert)
886973	None	enhanced_cascade_cv(banglabert->enhanced_banglabert)
582310	None	enhanced_cascade_cv(banglabert->enhanced_banglabert)
433077	None	enhanced_cascade_cv(banglabert->enhanced_banglabert)
552679	None	enhanced_cascade_cv(banglabert->enhanced_banglabert)
643528	Organization	enhanced_cascade_cv(banglabert->enhanced_banglabert)
85565	Individual	enhanced_cascade_cv(banglabert->enhanced_banglabert)
628830	Organization	enhanced_cascade_cv(banglabert->enhanced_banglabert)
749660	None	enhanced_cascade_cv(banglabert->enhanced_banglabert)
1595	Individual	enhanced_cascade_cv(banglabert->enhanced_banglabert)
23293	None	enhanced_cascade_cv(banglabert->enhanced_banglabert)
509035	None	enhanced_cascade_cv(banglabert->enhanced_banglabert)
886202	None	enhanced_cascade_cv(banglabert->enhanced_banglabert)
742533	None	enhanced_cascade_cv(banglabert->enhanced_banglabert)
27838	None	enhanced_cascade_cv(banglabert->enhanced_banglabert)
75041	None	enhanced_cascade_cv(banglabert->enhanced_banglabert)
228134	Organization	enhanced_cascade_cv(banglabert->enhanced_banglabert)
382699	Society	enhanced_cascade_cv(banglabert->enhanced_banglabert)
242473	None	enhanced_cascade_cv(banglabert->enhanced_banglabert)
447845	None	enhanced_cascade_cv(banglabert->enhanced_banglabert)
686719	None	enhanced_cascade_cv(banglabert->enhanced_banglabert)
325929	None	enhanced_cascade_cv(banglabert->enhanced_banglabert)
138617	Organization	enhanced_cascade_cv(banglabert->enhanced_banglabert)
37781	Community	enhanced_cascade_cv(banglabert->enhanced_banglabert)
265785	None	enhanced_cascade_cv(banglabert->enhanced_banglabert)
624047	Organization	enhanced_cascade_cv(banglabert->enhanced_banglabert)
395781	None	enhanced_cascade_cv(banglabert->enhanced_banglabert)
719558	Community	enhanced_cascade_cv(banglabert->enhanced_banglabert)
934245	None	enhanced_cascade_cv(banglabert->enhanced_banglabert)
181499	Individual	enhanced_cascade_cv(banglabert->enhanced_banglabert)
397249	None	enhanced_cascade_cv(banglabert->enhanced_banglabert)
582244	None	enhanced_cascade_cv(banglabert->enhanced_banglabert)
870090	None	enhanced_cascade_cv(banglabert->enhanced_banglabert)
462030	Organization	enhanced_cascade_cv(banglabert->enhanced_banglabert)
446338	None	enhanced_cascade_cv(banglabert->enhanced_banglabert)
61162	None	enhanced_cascade_cv(banglabert->enhanced_banglabert)
807176	None	enhanced_cascade_cv(banglabert->enhanced_banglabert)
864604	None	enhanced_cascade_cv(banglabert->enhanced_banglabert)
709055	None	enhanced_cascade_cv(banglabert->enhanced_banglabert)
581292	None	enhanced_cascade_cv(banglabert->enhanced_banglabert)
563959	Society	enhanced_cascade_cv(banglabert->enhanced_banglabert)
727426	None	enhanced_cascade_cv(banglabert->enhanced_banglabert)
561351	None	enhanced_cascade_cv(banglabert->enhanced_banglabert)
916629	Organization	enhanced_cascade_cv(banglabert->enhanced_banglabert)
242659	None	enhanced_cascade_cv(banglabert->enhanced_banglabert)
711936	None	enhanced_cascade_cv(banglabert->enhanced_banglabert)
398564	None	enhanced_cascade_cv(banglabert->enhanced_banglabert)
638288	None	enhanced_cascade_cv(banglabert->enhanced_banglabert)
571045	Organization	enhanced_cascade_cv(banglabert->enhanced_banglabert)
396357	Individual	enhanced_cascade_cv(banglabert->enhanced_banglabert)
657340	None	enhanced_cascade_cv(banglabert->enhanced_banglabert)
131821	None	enhanced_cascade_cv(banglabert->enhanced_banglabert)
881260	None	enhanced_cascade_cv(banglabert->enhanced_banglabert)
87349	Organization	enhanced_cascade_cv(banglabert->enhanced_banglabert)
232700	Organization	enhanced_cascade_cv(banglabert->enhanced_banglabert)
22307	Organization	enhanced_cascade_cv(banglabert->enhanced_banglabert)
352983	Individual	enhanced_cascade_cv(banglabert->enhanced_banglabert)
389506	Individual	enhanced_cascade_cv(banglabert->enhanced_banglabert)
335493	None	enhanced_cascade_cv(banglabert->enhanced_banglabert)
739982	Society	enhanced_cascade_cv(banglabert->enhanced_banglabert)
328094	Individual	enhanced_cascade_cv(banglabert->enhanced_banglabert)
528740	None	enhanced_cascade_cv(banglabert->enhanced_banglabert)
808137	None	enhanced_cascade_cv(banglabert->enhanced_banglabert)
554827	Individual	enhanced_cascade_cv(banglabert->enhanced_banglabert)
858794	Individual	enhanced_cascade_cv(banglabert->enhanced_banglabert)
633224	None	enhanced_cascade_cv(banglabert->enhanced_banglabert)
780101	Society	enhanced_cascade_cv(banglabert->enhanced_banglabert)
602479	Individual	enhanced_cascade_cv(banglabert->enhanced_banglabert)
540580	None	enhanced_cascade_cv(banglabert->enhanced_banglabert)
778356	None	enhanced_cascade_cv(banglabert->enhanced_banglabert)
43268	None	enhanced_cascade_cv(banglabert->enhanced_banglabert)
262437	Organization	enhanced_cascade_cv(banglabert->enhanced_banglabert)
71353	Organization	enhanced_cascade_cv(banglabert->enhanced_banglabert)
730463	None	enhanced_cascade_cv(banglabert->enhanced_banglabert)
653820	None	enhanced_cascade_cv(banglabert->enhanced_banglabert)
335542	None	enhanced_cascade_cv(banglabert->enhanced_banglabert)
826227	None	enhanced_cascade_cv(banglabert->enhanced_banglabert)
443806	Individual	enhanced_cascade_cv(banglabert->enhanced_banglabert)
769421	Community	enhanced_cascade_cv(banglabert->enhanced_banglabert)
685630	None	enhanced_cascade_cv(banglabert->enhanced_banglabert)
590194	None	enhanced_cascade_cv(banglabert->enhanced_banglabert)
466683	None	enhanced_cascade_cv(banglabert->enhanced_banglabert)
280790	Organization	enhanced_cascade_cv(banglabert->enhanced_banglabert)
860057	None	enhanced_cascade_cv(banglabert->enhanced_banglabert)
871168	Individual	enhanced_cascade_cv(banglabert->enhanced_banglabert)
141496	Society	enhanced_cascade_cv(banglabert->enhanced_banglabert)
3736	Organization	enhanced_cascade_cv(banglabert->enhanced_banglabert)
288686	Community	enhanced_cascade_cv(banglabert->enhanced_banglabert)
267813	None	enhanced_cascade_cv(banglabert->enhanced_banglabert)
832012	Society	enhanced_cascade_cv(banglabert->enhanced_banglabert)
32904	None	enhanced_cascade_cv(banglabert->enhanced_banglabert)
268117	None	enhanced_cascade_cv(banglabert->enhanced_banglabert)
776783	None	enhanced_cascade_cv(banglabert->enhanced_banglabert)
850339	Community	enhanced_cascade_cv(banglabert->enhanced_banglabert)
223593	Organization	enhanced_cascade_cv(banglabert->enhanced_banglabert)
387123	Community	enhanced_cascade_cv(banglabert->enhanced_banglabert)
939377	None	enhanced_cascade_cv(banglabert->enhanced_banglabert)
484079	None	enhanced_cascade_cv(banglabert->enhanced_banglabert)
897137	Individual	enhanced_cascade_cv(banglabert->enhanced_banglabert)
655003	None	enhanced_cascade_cv(banglabert->enhanced_banglabert)
585973	None	enhanced_cascade_cv(banglabert->enhanced_banglabert)
29600	Society	enhanced_cascade_cv(banglabert->enhanced_banglabert)
830036	None	enhanced_cascade_cv(banglabert->enhanced_banglabert)
565839	None	enhanced_cascade_cv(banglabert->enhanced_banglabert)
359406	None	enhanced_cascade_cv(banglabert->enhanced_banglabert)
308062	None	enhanced_cascade_cv(banglabert->enhanced_banglabert)
594507	Individual	enhanced_cascade_cv(banglabert->enhanced_banglabert)
34433	None	enhanced_cascade_cv(banglabert->enhanced_banglabert)
43262	None	enhanced_cascade_cv(banglabert->enhanced_banglabert)
145863	None	enhanced_cascade_cv(banglabert->enhanced_banglabert)
592053	Individual	enhanced_cascade_cv(banglabert->enhanced_banglabert)
235746	Community	enhanced_cascade_cv(banglabert->enhanced_banglabert)
893409	Individual	enhanced_cascade_cv(banglabert->enhanced_banglabert)
939031	None	enhanced_cascade_cv(banglabert->enhanced_banglabert)
647343	None	enhanced_cascade_cv(banglabert->enhanced_banglabert)
868309	Individual	enhanced_cascade_cv(banglabert->enhanced_banglabert)
81611	None	enhanced_cascade_cv(banglabert->enhanced_banglabert)
693429	Community	enhanced_cascade_cv(banglabert->enhanced_banglabert)
546533	None	enhanced_cascade_cv(banglabert->enhanced_banglabert)
804580	None	enhanced_cascade_cv(banglabert->enhanced_banglabert)
774663	None	enhanced_cascade_cv(banglabert->enhanced_banglabert)
442687	Organization	enhanced_cascade_cv(banglabert->enhanced_banglabert)
22333	Individual	enhanced_cascade_cv(banglabert->enhanced_banglabert)
883311	Organization	enhanced_cascade_cv(banglabert->enhanced_banglabert)
68897	Organization	enhanced_cascade_cv(banglabert->enhanced_banglabert)
716697	Organization	enhanced_cascade_cv(banglabert->enhanced_banglabert)
366472	None	enhanced_cascade_cv(banglabert->enhanced_banglabert)
112632	Organization	enhanced_cascade_cv(banglabert->enhanced_banglabert)
759580	Society	enhanced_cascade_cv(banglabert->enhanced_banglabert)
68501	None	enhanced_cascade_cv(banglabert->enhanced_banglabert)
570238	None	enhanced_cascade_cv(banglabert->enhanced_banglabert)
833247	None	enhanced_cascade_cv(banglabert->enhanced_banglabert)
742235	None	enhanced_cascade_cv(banglabert->enhanced_banglabert)
160687	Individual	enhanced_cascade_cv(banglabert->enhanced_banglabert)
854753	None	enhanced_cascade_cv(banglabert->enhanced_banglabert)
256250	Individual	enhanced_cascade_cv(banglabert->enhanced_banglabert)
801382	None	enhanced_cascade_cv(banglabert->enhanced_banglabert)
358092	None	enhanced_cascade_cv(banglabert->enhanced_banglabert)
593155	None	enhanced_cascade_cv(banglabert->enhanced_banglabert)
72962	None	enhanced_cascade_cv(banglabert->enhanced_banglabert)
472051	None	enhanced_cascade_cv(banglabert->enhanced_banglabert)
736544	None	enhanced_cascade_cv(banglabert->enhanced_banglabert)
26584	None	enhanced_cascade_cv(banglabert->enhanced_banglabert)
14123	Society	enhanced_cascade_cv(banglabert->enhanced_banglabert)
422940	None	enhanced_cascade_cv(banglabert->enhanced_banglabert)
530930	None	enhanced_cascade_cv(banglabert->enhanced_banglabert)
643961	None	enhanced_cascade_cv(banglabert->enhanced_banglabert)
725166	None	enhanced_cascade_cv(banglabert->enhanced_banglabert)
183565	None	enhanced_cascade_cv(banglabert->enhanced_banglabert)
592528	None	enhanced_cascade_cv(banglabert->enhanced_banglabert)
332661	None	enhanced_cascade_cv(banglabert->enhanced_banglabert)
893187	None	enhanced_cascade_cv(banglabert->enhanced_banglabert)
574249	None	enhanced_cascade_cv(banglabert->enhanced_banglabert)
702233	None	enhanced_cascade_cv(banglabert->enhanced_banglabert)
332441	Individual	enhanced_cascade_cv(banglabert->enhanced_banglabert)
120948	Community	enhanced_cascade_cv(banglabert->enhanced_banglabert)
303017	None	enhanced_cascade_cv(banglabert->enhanced_banglabert)
6209	None	enhanced_cascade_cv(banglabert->enhanced_banglabert)
239068	None	enhanced_cascade_cv(banglabert->enhanced_banglabert)
17716	None	enhanced_cascade_cv(banglabert->enhanced_banglabert)
358382	None	enhanced_cascade_cv(banglabert->enhanced_banglabert)
528149	Individual	enhanced_cascade_cv(banglabert->enhanced_banglabert)
154954	None	enhanced_cascade_cv(banglabert->enhanced_banglabert)
237442	Individual	enhanced_cascade_cv(banglabert->enhanced_banglabert)
385586	None	enhanced_cascade_cv(banglabert->enhanced_banglabert)
872714	None	enhanced_cascade_cv(banglabert->enhanced_banglabert)
173242	Organization	enhanced_cascade_cv(banglabert->enhanced_banglabert)
357390	None	enhanced_cascade_cv(banglabert->enhanced_banglabert)
399716	Society	enhanced_cascade_cv(banglabert->enhanced_banglabert)
562599	Organization	enhanced_cascade_cv(banglabert->enhanced_banglabert)
353085	None	enhanced_cascade_cv(banglabert->enhanced_banglabert)
732405	None	enhanced_cascade_cv(banglabert->enhanced_banglabert)
42984	None	enhanced_cascade_cv(banglabert->enhanced_banglabert)
327956	None	enhanced_cascade_cv(banglabert->enhanced_banglabert)
638917	Individual	enhanced_cascade_cv(banglabert->enhanced_banglabert)
93540	None	enhanced_cascade_cv(banglabert->enhanced_banglabert)
787421	None	enhanced_cascade_cv(banglabert->enhanced_banglabert)
504895	None	enhanced_cascade_cv(banglabert->enhanced_banglabert)
291320	Society	enhanced_cascade_cv(banglabert->enhanced_banglabert)
406332	Individual	enhanced_cascade_cv(banglabert->enhanced_banglabert)
764894	None	enhanced_cascade_cv(banglabert->enhanced_banglabert)
670548	None	enhanced_cascade_cv(banglabert->enhanced_banglabert)
817559	None	enhanced_cascade_cv(banglabert->enhanced_banglabert)
256795	None	enhanced_cascade_cv(banglabert->enhanced_banglabert)
152630	None	enhanced_cascade_cv(banglabert->enhanced_banglabert)
17630	None	enhanced_cascade_cv(banglabert->enhanced_banglabert)
567139	None	enhanced_cascade_cv(banglabert->enhanced_banglabert)
563824	None	enhanced_cascade_cv(banglabert->enhanced_banglabert)
139630	Organization	enhanced_cascade_cv(banglabert->enhanced_banglabert)
322733	Individual	enhanced_cascade_cv(banglabert->enhanced_banglabert)
524979	Individual	enhanced_cascade_cv(banglabert->enhanced_banglabert)
52851	None	enhanced_cascade_cv(banglabert->enhanced_banglabert)
449962	None	enhanced_cascade_cv(banglabert->enhanced_banglabert)
521733	None	enhanced_cascade_cv(banglabert->enhanced_banglabert)
820909	Society	enhanced_cascade_cv(banglabert->enhanced_banglabert)
776132	None	enhanced_cascade_cv(banglabert->enhanced_banglabert)
208816	Community	enhanced_cascade_cv(banglabert->enhanced_banglabert)
168294	Community	enhanced_cascade_cv(banglabert->enhanced_banglabert)
186490	Organization	enhanced_cascade_cv(banglabert->enhanced_banglabert)
34763	None	enhanced_cascade_cv(banglabert->enhanced_banglabert)
890503	Organization	enhanced_cascade_cv(banglabert->enhanced_banglabert)
730297	None	enhanced_cascade_cv(banglabert->enhanced_banglabert)
267275	Individual	enhanced_cascade_cv(banglabert->enhanced_banglabert)
875303	None	enhanced_cascade_cv(banglabert->enhanced_banglabert)
410510	Community	enhanced_cascade_cv(banglabert->enhanced_banglabert)
198288	None	enhanced_cascade_cv(banglabert->enhanced_banglabert)
878523	None	enhanced_cascade_cv(banglabert->enhanced_banglabert)
804090	None	enhanced_cascade_cv(banglabert->enhanced_banglabert)
876050	None	enhanced_cascade_cv(banglabert->enhanced_banglabert)
538825	None	enhanced_cascade_cv(banglabert->enhanced_banglabert)
439504	Community	enhanced_cascade_cv(banglabert->enhanced_banglabert)
98661	None	enhanced_cascade_cv(banglabert->enhanced_banglabert)
50223	None	enhanced_cascade_cv(banglabert->enhanced_banglabert)
882392	Organization	enhanced_cascade_cv(banglabert->enhanced_banglabert)
31474	None	enhanced_cascade_cv(banglabert->enhanced_banglabert)
752145	None	enhanced_cascade_cv(banglabert->enhanced_banglabert)
864075	None	enhanced_cascade_cv(banglabert->enhanced_banglabert)
459116	Organization	enhanced_cascade_cv(banglabert->enhanced_banglabert)
498640	None	enhanced_cascade_cv(banglabert->enhanced_banglabert)
802864	None	enhanced_cascade_cv(banglabert->enhanced_banglabert)
295472	None	enhanced_cascade_cv(banglabert->enhanced_banglabert)
934066	None	enhanced_cascade_cv(banglabert->enhanced_banglabert)
902880	None	enhanced_cascade_cv(banglabert->enhanced_banglabert)
111465	Organization	enhanced_cascade_cv(banglabert->enhanced_banglabert)
933484	Individual	enhanced_cascade_cv(banglabert->enhanced_banglabert)
667357	None	enhanced_cascade_cv(banglabert->enhanced_banglabert)
81463	None	enhanced_cascade_cv(banglabert->enhanced_banglabert)
649992	None	enhanced_cascade_cv(banglabert->enhanced_banglabert)
60065	Organization	enhanced_cascade_cv(banglabert->enhanced_banglabert)
328916	Individual	enhanced_cascade_cv(banglabert->enhanced_banglabert)
304492	Community	enhanced_cascade_cv(banglabert->enhanced_banglabert)
385489	None	enhanced_cascade_cv(banglabert->enhanced_banglabert)
683209	Organization	enhanced_cascade_cv(banglabert->enhanced_banglabert)
67622	None	enhanced_cascade_cv(banglabert->enhanced_banglabert)
507528	Individual	enhanced_cascade_cv(banglabert->enhanced_banglabert)
460125	None	enhanced_cascade_cv(banglabert->enhanced_banglabert)
285627	Organization	enhanced_cascade_cv(banglabert->enhanced_banglabert)
309055	None	enhanced_cascade_cv(banglabert->enhanced_banglabert)
702822	Community	enhanced_cascade_cv(banglabert->enhanced_banglabert)
714655	None	enhanced_cascade_cv(banglabert->enhanced_banglabert)
265922	None	enhanced_cascade_cv(banglabert->enhanced_banglabert)
485097	None	enhanced_cascade_cv(banglabert->enhanced_banglabert)
270514	None	enhanced_cascade_cv(banglabert->enhanced_banglabert)
87760	None	enhanced_cascade_cv(banglabert->enhanced_banglabert)
169601	None	enhanced_cascade_cv(banglabert->enhanced_banglabert)
798353	None	enhanced_cascade_cv(banglabert->enhanced_banglabert)
100120	None	enhanced_cascade_cv(banglabert->enhanced_banglabert)
441410	Individual	enhanced_cascade_cv(banglabert->enhanced_banglabert)
592756	Organization	enhanced_cascade_cv(banglabert->enhanced_banglabert)
90373	None	enhanced_cascade_cv(banglabert->enhanced_banglabert)
664668	Individual	enhanced_cascade_cv(banglabert->enhanced_banglabert)
122017	None	enhanced_cascade_cv(banglabert->enhanced_banglabert)
544288	None	enhanced_cascade_cv(banglabert->enhanced_banglabert)
499935	None	enhanced_cascade_cv(banglabert->enhanced_banglabert)
192544	None	enhanced_cascade_cv(banglabert->enhanced_banglabert)
173116	Individual	enhanced_cascade_cv(banglabert->enhanced_banglabert)
704684	Society	enhanced_cascade_cv(banglabert->enhanced_banglabert)
845711	None	enhanced_cascade_cv(banglabert->enhanced_banglabert)
880642	None	enhanced_cascade_cv(banglabert->enhanced_banglabert)
335733	Individual	enhanced_cascade_cv(banglabert->enhanced_banglabert)
819142	None	enhanced_cascade_cv(banglabert->enhanced_banglabert)
123199	None	enhanced_cascade_cv(banglabert->enhanced_banglabert)
216638	None	enhanced_cascade_cv(banglabert->enhanced_banglabert)
215582	Individual	enhanced_cascade_cv(banglabert->enhanced_banglabert)
553211	None	enhanced_cascade_cv(banglabert->enhanced_banglabert)
826034	None	enhanced_cascade_cv(banglabert->enhanced_banglabert)
918589	None	enhanced_cascade_cv(banglabert->enhanced_banglabert)
547320	Individual	enhanced_cascade_cv(banglabert->enhanced_banglabert)
266882	None	enhanced_cascade_cv(banglabert->enhanced_banglabert)
750993	None	enhanced_cascade_cv(banglabert->enhanced_banglabert)
653654	None	enhanced_cascade_cv(banglabert->enhanced_banglabert)
890678	Society	enhanced_cascade_cv(banglabert->enhanced_banglabert)
381394	None	enhanced_cascade_cv(banglabert->enhanced_banglabert)
356587	None	enhanced_cascade_cv(banglabert->enhanced_banglabert)
590822	Society	enhanced_cascade_cv(banglabert->enhanced_banglabert)
166688	Organization	enhanced_cascade_cv(banglabert->enhanced_banglabert)
230635	None	enhanced_cascade_cv(banglabert->enhanced_banglabert)
55098	None	enhanced_cascade_cv(banglabert->enhanced_banglabert)
617669	Individual	enhanced_cascade_cv(banglabert->enhanced_banglabert)
180620	None	enhanced_cascade_cv(banglabert->enhanced_banglabert)
187898	None	enhanced_cascade_cv(banglabert->enhanced_banglabert)
371940	Organization	enhanced_cascade_cv(banglabert->enhanced_banglabert)
181651	None	enhanced_cascade_cv(banglabert->enhanced_banglabert)
147825	None	enhanced_cascade_cv(banglabert->enhanced_banglabert)
438932	None	enhanced_cascade_cv(banglabert->enhanced_banglabert)
63001	Community	enhanced_cascade_cv(banglabert->enhanced_banglabert)
329086	None	enhanced_cascade_cv(banglabert->enhanced_banglabert)
301069	None	enhanced_cascade_cv(banglabert->enhanced_banglabert)
347294	None	enhanced_cascade_cv(banglabert->enhanced_banglabert)
461037	None	enhanced_cascade_cv(banglabert->enhanced_banglabert)
170607	None	enhanced_cascade_cv(banglabert->enhanced_banglabert)
499607	None	enhanced_cascade_cv(banglabert->enhanced_banglabert)
710744	Individual	enhanced_cascade_cv(banglabert->enhanced_banglabert)
240005	None	enhanced_cascade_cv(banglabert->enhanced_banglabert)
424128	None	enhanced_cascade_cv(banglabert->enhanced_banglabert)
779357	Society	enhanced_cascade_cv(banglabert->enhanced_banglabert)
845111	None	enhanced_cascade_cv(banglabert->enhanced_banglabert)
676339	None	enhanced_cascade_cv(banglabert->enhanced_banglabert)
290884	Organization	enhanced_cascade_cv(banglabert->enhanced_banglabert)
909302	None	enhanced_cascade_cv(banglabert->enhanced_banglabert)
357977	None	enhanced_cascade_cv(banglabert->enhanced_banglabert)
134372	None	enhanced_cascade_cv(banglabert->enhanced_banglabert)
659032	None	enhanced_cascade_cv(banglabert->enhanced_banglabert)
545917	None	enhanced_cascade_cv(banglabert->enhanced_banglabert)
95904	None	enhanced_cascade_cv(banglabert->enhanced_banglabert)
627730	None	enhanced_cascade_cv(banglabert->enhanced_banglabert)
560795	None	enhanced_cascade_cv(banglabert->enhanced_banglabert)
379566	None	enhanced_cascade_cv(banglabert->enhanced_banglabert)
142362	None	enhanced_cascade_cv(banglabert->enhanced_banglabert)
582295	Individual	enhanced_cascade_cv(banglabert->enhanced_banglabert)
214358	None	enhanced_cascade_cv(banglabert->enhanced_banglabert)
773834	None	enhanced_cascade_cv(banglabert->enhanced_banglabert)
378204	Society	enhanced_cascade_cv(banglabert->enhanced_banglabert)
2503	Community	enhanced_cascade_cv(banglabert->enhanced_banglabert)
66287	None	enhanced_cascade_cv(banglabert->enhanced_banglabert)
497947	Community	enhanced_cascade_cv(banglabert->enhanced_banglabert)
821205	None	enhanced_cascade_cv(banglabert->enhanced_banglabert)
704887	None	enhanced_cascade_cv(banglabert->enhanced_banglabert)
142605	None	enhanced_cascade_cv(banglabert->enhanced_banglabert)
793597	Community	enhanced_cascade_cv(banglabert->enhanced_banglabert)
244475	Individual	enhanced_cascade_cv(banglabert->enhanced_banglabert)
732424	None	enhanced_cascade_cv(banglabert->enhanced_banglabert)
669456	Organization	enhanced_cascade_cv(banglabert->enhanced_banglabert)
786746	Society	enhanced_cascade_cv(banglabert->enhanced_banglabert)
260582	Organization	enhanced_cascade_cv(banglabert->enhanced_banglabert)
669509	Organization	enhanced_cascade_cv(banglabert->enhanced_banglabert)
519827	Individual	enhanced_cascade_cv(banglabert->enhanced_banglabert)
204443	Community	enhanced_cascade_cv(banglabert->enhanced_banglabert)
583890	None	enhanced_cascade_cv(banglabert->enhanced_banglabert)
637584	None	enhanced_cascade_cv(banglabert->enhanced_banglabert)
24646	None	enhanced_cascade_cv(banglabert->enhanced_banglabert)
280857	Individual	enhanced_cascade_cv(banglabert->enhanced_banglabert)
446535	None	enhanced_cascade_cv(banglabert->enhanced_banglabert)
687543	None	enhanced_cascade_cv(banglabert->enhanced_banglabert)
237066	Organization	enhanced_cascade_cv(banglabert->enhanced_banglabert)
912999	None	enhanced_cascade_cv(banglabert->enhanced_banglabert)
194057	Organization	enhanced_cascade_cv(banglabert->enhanced_banglabert)
146810	None	enhanced_cascade_cv(banglabert->enhanced_banglabert)
442009	None	enhanced_cascade_cv(banglabert->enhanced_banglabert)
350875	Community	enhanced_cascade_cv(banglabert->enhanced_banglabert)
721365	None	enhanced_cascade_cv(banglabert->enhanced_banglabert)
798776	None	enhanced_cascade_cv(banglabert->enhanced_banglabert)
752086	None	enhanced_cascade_cv(banglabert->enhanced_banglabert)
203	None	enhanced_cascade_cv(banglabert->enhanced_banglabert)
798871	None	enhanced_cascade_cv(banglabert->enhanced_banglabert)
903406	None	enhanced_cascade_cv(banglabert->enhanced_banglabert)
447678	None	enhanced_cascade_cv(banglabert->enhanced_banglabert)
782699	None	enhanced_cascade_cv(banglabert->enhanced_banglabert)
188831	None	enhanced_cascade_cv(banglabert->enhanced_banglabert)
653198	None	enhanced_cascade_cv(banglabert->enhanced_banglabert)
439858	None	enhanced_cascade_cv(banglabert->enhanced_banglabert)
869461	None	enhanced_cascade_cv(banglabert->enhanced_banglabert)
389095	Individual	enhanced_cascade_cv(banglabert->enhanced_banglabert)
378732	Society	enhanced_cascade_cv(banglabert->enhanced_banglabert)
906177	None	enhanced_cascade_cv(banglabert->enhanced_banglabert)
309517	Individual	enhanced_cascade_cv(banglabert->enhanced_banglabert)
356240	None	enhanced_cascade_cv(banglabert->enhanced_banglabert)
612238	Organization	enhanced_cascade_cv(banglabert->enhanced_banglabert)
404551	Community	enhanced_cascade_cv(banglabert->enhanced_banglabert)
417818	Individual	enhanced_cascade_cv(banglabert->enhanced_banglabert)
626581	None	enhanced_cascade_cv(banglabert->enhanced_banglabert)
839516	Organization	enhanced_cascade_cv(banglabert->enhanced_banglabert)
794748	None	enhanced_cascade_cv(banglabert->enhanced_banglabert)
849980	None	enhanced_cascade_cv(banglabert->enhanced_banglabert)
721487	Individual	enhanced_cascade_cv(banglabert->enhanced_banglabert)
625949	Organization	enhanced_cascade_cv(banglabert->enhanced_banglabert)
593733	None	enhanced_cascade_cv(banglabert->enhanced_banglabert)
853345	None	enhanced_cascade_cv(banglabert->enhanced_banglabert)
434994	Society	enhanced_cascade_cv(banglabert->enhanced_banglabert)
439183	None	enhanced_cascade_cv(banglabert->enhanced_banglabert)
688066	None	enhanced_cascade_cv(banglabert->enhanced_banglabert)
343290	None	enhanced_cascade_cv(banglabert->enhanced_banglabert)
529720	Community	enhanced_cascade_cv(banglabert->enhanced_banglabert)
8435	Society	enhanced_cascade_cv(banglabert->enhanced_banglabert)
625145	None	enhanced_cascade_cv(banglabert->enhanced_banglabert)
523883	Community	enhanced_cascade_cv(banglabert->enhanced_banglabert)
871055	None	enhanced_cascade_cv(banglabert->enhanced_banglabert)
1467	None	enhanced_cascade_cv(banglabert->enhanced_banglabert)
414730	Community	enhanced_cascade_cv(banglabert->enhanced_banglabert)
23986	Society	enhanced_cascade_cv(banglabert->enhanced_banglabert)
604006	Individual	enhanced_cascade_cv(banglabert->enhanced_banglabert)
35914	Individual	enhanced_cascade_cv(banglabert->enhanced_banglabert)
921548	Individual	enhanced_cascade_cv(banglabert->enhanced_banglabert)
600422	Organization	enhanced_cascade_cv(banglabert->enhanced_banglabert)
820850	None	enhanced_cascade_cv(banglabert->enhanced_banglabert)
172221	None	enhanced_cascade_cv(banglabert->enhanced_banglabert)
151782	None	enhanced_cascade_cv(banglabert->enhanced_banglabert)
729740	Society	enhanced_cascade_cv(banglabert->enhanced_banglabert)
795158	Community	enhanced_cascade_cv(banglabert->enhanced_banglabert)
89095	None	enhanced_cascade_cv(banglabert->enhanced_banglabert)
871021	None	enhanced_cascade_cv(banglabert->enhanced_banglabert)
410433	None	enhanced_cascade_cv(banglabert->enhanced_banglabert)
259966	None	enhanced_cascade_cv(banglabert->enhanced_banglabert)
622086	Organization	enhanced_cascade_cv(banglabert->enhanced_banglabert)
757437	Society	enhanced_cascade_cv(banglabert->enhanced_banglabert)
834041	None	enhanced_cascade_cv(banglabert->enhanced_banglabert)
614182	None	enhanced_cascade_cv(banglabert->enhanced_banglabert)
213978	None	enhanced_cascade_cv(banglabert->enhanced_banglabert)
177775	None	enhanced_cascade_cv(banglabert->enhanced_banglabert)
175096	None	enhanced_cascade_cv(banglabert->enhanced_banglabert)
924491	None	enhanced_cascade_cv(banglabert->enhanced_banglabert)
74708	Organization	enhanced_cascade_cv(banglabert->enhanced_banglabert)
145454	None	enhanced_cascade_cv(banglabert->enhanced_banglabert)
122063	None	enhanced_cascade_cv(banglabert->enhanced_banglabert)
523490	None	enhanced_cascade_cv(banglabert->enhanced_banglabert)
567534	None	enhanced_cascade_cv(banglabert->enhanced_banglabert)
3766	Community	enhanced_cascade_cv(banglabert->enhanced_banglabert)
898495	Society	enhanced_cascade_cv(banglabert->enhanced_banglabert)
215674	None	enhanced_cascade_cv(banglabert->enhanced_banglabert)
12410	Community	enhanced_cascade_cv(banglabert->enhanced_banglabert)
710245	None	enhanced_cascade_cv(banglabert->enhanced_banglabert)
10063	None	enhanced_cascade_cv(banglabert->enhanced_banglabert)
540310	None	enhanced_cascade_cv(banglabert->enhanced_banglabert)
412055	None	enhanced_cascade_cv(banglabert->enhanced_banglabert)
151874	None	enhanced_cascade_cv(banglabert->enhanced_banglabert)
773973	None	enhanced_cascade_cv(banglabert->enhanced_banglabert)
258469	Organization	enhanced_cascade_cv(banglabert->enhanced_banglabert)
336614	None	enhanced_cascade_cv(banglabert->enhanced_banglabert)
881812	Society	enhanced_cascade_cv(banglabert->enhanced_banglabert)
183470	Organization	enhanced_cascade_cv(banglabert->enhanced_banglabert)
703445	None	enhanced_cascade_cv(banglabert->enhanced_banglabert)
577195	Individual	enhanced_cascade_cv(banglabert->enhanced_banglabert)
408421	None	enhanced_cascade_cv(banglabert->enhanced_banglabert)
115868	None	enhanced_cascade_cv(banglabert->enhanced_banglabert)
641646	None	enhanced_cascade_cv(banglabert->enhanced_banglabert)
868822	Society	enhanced_cascade_cv(banglabert->enhanced_banglabert)
847093	Community	enhanced_cascade_cv(banglabert->enhanced_banglabert)
564034	Organization	enhanced_cascade_cv(banglabert->enhanced_banglabert)
257938	None	enhanced_cascade_cv(banglabert->enhanced_banglabert)
106592	Organization	enhanced_cascade_cv(banglabert->enhanced_banglabert)
792068	None	enhanced_cascade_cv(banglabert->enhanced_banglabert)
555057	None	enhanced_cascade_cv(banglabert->enhanced_banglabert)
390255	None	enhanced_cascade_cv(banglabert->enhanced_banglabert)
245231	None	enhanced_cascade_cv(banglabert->enhanced_banglabert)
475110	None	enhanced_cascade_cv(banglabert->enhanced_banglabert)
413861	None	enhanced_cascade_cv(banglabert->enhanced_banglabert)
800883	Community	enhanced_cascade_cv(banglabert->enhanced_banglabert)
685063	Community	enhanced_cascade_cv(banglabert->enhanced_banglabert)
65728	Organization	enhanced_cascade_cv(banglabert->enhanced_banglabert)
933802	Organization	enhanced_cascade_cv(banglabert->enhanced_banglabert)
11690	Society	enhanced_cascade_cv(banglabert->enhanced_banglabert)
706579	None	enhanced_cascade_cv(banglabert->enhanced_banglabert)
215276	None	enhanced_cascade_cv(banglabert->enhanced_banglabert)
204169	None	enhanced_cascade_cv(banglabert->enhanced_banglabert)
554749	None	enhanced_cascade_cv(banglabert->enhanced_banglabert)
102106	Organization	enhanced_cascade_cv(banglabert->enhanced_banglabert)
687707	None	enhanced_cascade_cv(banglabert->enhanced_banglabert)
782993	None	enhanced_cascade_cv(banglabert->enhanced_banglabert)
694802	Community	enhanced_cascade_cv(banglabert->enhanced_banglabert)
140095	None	enhanced_cascade_cv(banglabert->enhanced_banglabert)
449706	None	enhanced_cascade_cv(banglabert->enhanced_banglabert)
103008	None	enhanced_cascade_cv(banglabert->enhanced_banglabert)
268505	Organization	enhanced_cascade_cv(banglabert->enhanced_banglabert)
677768	Individual	enhanced_cascade_cv(banglabert->enhanced_banglabert)
399395	Organization	enhanced_cascade_cv(banglabert->enhanced_banglabert)
934704	None	enhanced_cascade_cv(banglabert->enhanced_banglabert)
183078	Organization	enhanced_cascade_cv(banglabert->enhanced_banglabert)
472268	None	enhanced_cascade_cv(banglabert->enhanced_banglabert)
140804	Individual	enhanced_cascade_cv(banglabert->enhanced_banglabert)
266462	None	enhanced_cascade_cv(banglabert->enhanced_banglabert)
4502	None	enhanced_cascade_cv(banglabert->enhanced_banglabert)
601389	Organization	enhanced_cascade_cv(banglabert->enhanced_banglabert)
51708	None	enhanced_cascade_cv(banglabert->enhanced_banglabert)
451288	None	enhanced_cascade_cv(banglabert->enhanced_banglabert)
723131	Society	enhanced_cascade_cv(banglabert->enhanced_banglabert)
514786	None	enhanced_cascade_cv(banglabert->enhanced_banglabert)
301007	None	enhanced_cascade_cv(banglabert->enhanced_banglabert)
229205	None	enhanced_cascade_cv(banglabert->enhanced_banglabert)
524989	None	enhanced_cascade_cv(banglabert->enhanced_banglabert)
824458	Community	enhanced_cascade_cv(banglabert->enhanced_banglabert)
522751	Individual	enhanced_cascade_cv(banglabert->enhanced_banglabert)
829398	None	enhanced_cascade_cv(banglabert->enhanced_banglabert)
442481	None	enhanced_cascade_cv(banglabert->enhanced_banglabert)
86918	Community	enhanced_cascade_cv(banglabert->enhanced_banglabert)
760133	Community	enhanced_cascade_cv(banglabert->enhanced_banglabert)
22336	None	enhanced_cascade_cv(banglabert->enhanced_banglabert)
110130	None	enhanced_cascade_cv(banglabert->enhanced_banglabert)
794326	Individual	enhanced_cascade_cv(banglabert->enhanced_banglabert)
184205	Organization	enhanced_cascade_cv(banglabert->enhanced_banglabert)
501326	None	enhanced_cascade_cv(banglabert->enhanced_banglabert)
305515	None	enhanced_cascade_cv(banglabert->enhanced_banglabert)
453214	None	enhanced_cascade_cv(banglabert->enhanced_banglabert)
780977	None	enhanced_cascade_cv(banglabert->enhanced_banglabert)
197116	Individual	enhanced_cascade_cv(banglabert->enhanced_banglabert)
709765	None	enhanced_cascade_cv(banglabert->enhanced_banglabert)
660740	Individual	enhanced_cascade_cv(banglabert->enhanced_banglabert)
751452	Community	enhanced_cascade_cv(banglabert->enhanced_banglabert)
776616	None	enhanced_cascade_cv(banglabert->enhanced_banglabert)
594957	None	enhanced_cascade_cv(banglabert->enhanced_banglabert)
758653	Individual	enhanced_cascade_cv(banglabert->enhanced_banglabert)
467601	Individual	enhanced_cascade_cv(banglabert->enhanced_banglabert)
853875	Individual	enhanced_cascade_cv(banglabert->enhanced_banglabert)
734436	Society	enhanced_cascade_cv(banglabert->enhanced_banglabert)
432795	None	enhanced_cascade_cv(banglabert->enhanced_banglabert)
176963	None	enhanced_cascade_cv(banglabert->enhanced_banglabert)
693454	None	enhanced_cascade_cv(banglabert->enhanced_banglabert)
431121	None	enhanced_cascade_cv(banglabert->enhanced_banglabert)
603293	None	enhanced_cascade_cv(banglabert->enhanced_banglabert)
204163	Organization	enhanced_cascade_cv(banglabert->enhanced_banglabert)
404753	None	enhanced_cascade_cv(banglabert->enhanced_banglabert)
350340	None	enhanced_cascade_cv(banglabert->enhanced_banglabert)
101669	Individual	enhanced_cascade_cv(banglabert->enhanced_banglabert)
693172	Individual	enhanced_cascade_cv(banglabert->enhanced_banglabert)
881339	None	enhanced_cascade_cv(banglabert->enhanced_banglabert)
234873	None	enhanced_cascade_cv(banglabert->enhanced_banglabert)
463879	None	enhanced_cascade_cv(banglabert->enhanced_banglabert)
391778	None	enhanced_cascade_cv(banglabert->enhanced_banglabert)
696795	None	enhanced_cascade_cv(banglabert->enhanced_banglabert)
392525	Society	enhanced_cascade_cv(banglabert->enhanced_banglabert)
437546	None	enhanced_cascade_cv(banglabert->enhanced_banglabert)
230845	Organization	enhanced_cascade_cv(banglabert->enhanced_banglabert)
759262	Society	enhanced_cascade_cv(banglabert->enhanced_banglabert)
790411	Community	enhanced_cascade_cv(banglabert->enhanced_banglabert)
300211	Community	enhanced_cascade_cv(banglabert->enhanced_banglabert)
429825	None	enhanced_cascade_cv(banglabert->enhanced_banglabert)
241815	None	enhanced_cascade_cv(banglabert->enhanced_banglabert)
587877	None	enhanced_cascade_cv(banglabert->enhanced_banglabert)
417035	None	enhanced_cascade_cv(banglabert->enhanced_banglabert)
329867	Community	enhanced_cascade_cv(banglabert->enhanced_banglabert)
858636	None	enhanced_cascade_cv(banglabert->enhanced_banglabert)
817662	None	enhanced_cascade_cv(banglabert->enhanced_banglabert)
36995	None	enhanced_cascade_cv(banglabert->enhanced_banglabert)
540133	Organization	enhanced_cascade_cv(banglabert->enhanced_banglabert)
178133	None	enhanced_cascade_cv(banglabert->enhanced_banglabert)
939084	None	enhanced_cascade_cv(banglabert->enhanced_banglabert)
220070	Individual	enhanced_cascade_cv(banglabert->enhanced_banglabert)
810990	Community	enhanced_cascade_cv(banglabert->enhanced_banglabert)
564915	None	enhanced_cascade_cv(banglabert->enhanced_banglabert)
896030	Organization	enhanced_cascade_cv(banglabert->enhanced_banglabert)
803000	None	enhanced_cascade_cv(banglabert->enhanced_banglabert)
434425	Individual	enhanced_cascade_cv(banglabert->enhanced_banglabert)
484732	None	enhanced_cascade_cv(banglabert->enhanced_banglabert)
928724	Individual	enhanced_cascade_cv(banglabert->enhanced_banglabert)
188109	None	enhanced_cascade_cv(banglabert->enhanced_banglabert)
885876	None	enhanced_cascade_cv(banglabert->enhanced_banglabert)
439903	Organization	enhanced_cascade_cv(banglabert->enhanced_banglabert)
896774	Individual	enhanced_cascade_cv(banglabert->enhanced_banglabert)
201236	None	enhanced_cascade_cv(banglabert->enhanced_banglabert)
294331	Individual	enhanced_cascade_cv(banglabert->enhanced_banglabert)
283925	Community	enhanced_cascade_cv(banglabert->enhanced_banglabert)
619478	Community	enhanced_cascade_cv(banglabert->enhanced_banglabert)
849009	None	enhanced_cascade_cv(banglabert->enhanced_banglabert)
716054	None	enhanced_cascade_cv(banglabert->enhanced_banglabert)
560726	None	enhanced_cascade_cv(banglabert->enhanced_banglabert)
743594	None	enhanced_cascade_cv(banglabert->enhanced_banglabert)
624407	Individual	enhanced_cascade_cv(banglabert->enhanced_banglabert)
258727	Society	enhanced_cascade_cv(banglabert->enhanced_banglabert)
380744	None	enhanced_cascade_cv(banglabert->enhanced_banglabert)
413547	None	enhanced_cascade_cv(banglabert->enhanced_banglabert)
234141	Individual	enhanced_cascade_cv(banglabert->enhanced_banglabert)
60206	None	enhanced_cascade_cv(banglabert->enhanced_banglabert)
579827	None	enhanced_cascade_cv(banglabert->enhanced_banglabert)
148976	None	enhanced_cascade_cv(banglabert->enhanced_banglabert)
201516	None	enhanced_cascade_cv(banglabert->enhanced_banglabert)
586357	None	enhanced_cascade_cv(banglabert->enhanced_banglabert)
368041	Organization	enhanced_cascade_cv(banglabert->enhanced_banglabert)
281038	Organization	enhanced_cascade_cv(banglabert->enhanced_banglabert)
200103	None	enhanced_cascade_cv(banglabert->enhanced_banglabert)
656857	Community	enhanced_cascade_cv(banglabert->enhanced_banglabert)
877106	Community	enhanced_cascade_cv(banglabert->enhanced_banglabert)
680816	None	enhanced_cascade_cv(banglabert->enhanced_banglabert)
853980	Individual	enhanced_cascade_cv(banglabert->enhanced_banglabert)
416765	Society	enhanced_cascade_cv(banglabert->enhanced_banglabert)
777041	Society	enhanced_cascade_cv(banglabert->enhanced_banglabert)
486896	None	enhanced_cascade_cv(banglabert->enhanced_banglabert)
1238	None	enhanced_cascade_cv(banglabert->enhanced_banglabert)
690011	None	enhanced_cascade_cv(banglabert->enhanced_banglabert)
561745	None	enhanced_cascade_cv(banglabert->enhanced_banglabert)
419301	None	enhanced_cascade_cv(banglabert->enhanced_banglabert)
484745	None	enhanced_cascade_cv(banglabert->enhanced_banglabert)
563636	None	enhanced_cascade_cv(banglabert->enhanced_banglabert)
813902	None	enhanced_cascade_cv(banglabert->enhanced_banglabert)
7505	None	enhanced_cascade_cv(banglabert->enhanced_banglabert)
648031	Organization	enhanced_cascade_cv(banglabert->enhanced_banglabert)
144853	None	enhanced_cascade_cv(banglabert->enhanced_banglabert)
181520	Organization	enhanced_cascade_cv(banglabert->enhanced_banglabert)
93012	Organization	enhanced_cascade_cv(banglabert->enhanced_banglabert)
48276	None	enhanced_cascade_cv(banglabert->enhanced_banglabert)
640764	Society	enhanced_cascade_cv(banglabert->enhanced_banglabert)
273507	None	enhanced_cascade_cv(banglabert->enhanced_banglabert)
687548	None	enhanced_cascade_cv(banglabert->enhanced_banglabert)
917353	None	enhanced_cascade_cv(banglabert->enhanced_banglabert)
269221	None	enhanced_cascade_cv(banglabert->enhanced_banglabert)
922476	Society	enhanced_cascade_cv(banglabert->enhanced_banglabert)
807407	None	enhanced_cascade_cv(banglabert->enhanced_banglabert)
195060	None	enhanced_cascade_cv(banglabert->enhanced_banglabert)
656139	Organization	enhanced_cascade_cv(banglabert->enhanced_banglabert)
799134	None	enhanced_cascade_cv(banglabert->enhanced_banglabert)
826825	None	enhanced_cascade_cv(banglabert->enhanced_banglabert)
9907	None	enhanced_cascade_cv(banglabert->enhanced_banglabert)
298673	None	enhanced_cascade_cv(banglabert->enhanced_banglabert)
13386	None	enhanced_cascade_cv(banglabert->enhanced_banglabert)
842536	None	enhanced_cascade_cv(banglabert->enhanced_banglabert)
726308	None	enhanced_cascade_cv(banglabert->enhanced_banglabert)
306330	Community	enhanced_cascade_cv(banglabert->enhanced_banglabert)
688599	None	enhanced_cascade_cv(banglabert->enhanced_banglabert)
689584	None	enhanced_cascade_cv(banglabert->enhanced_banglabert)
490674	None	enhanced_cascade_cv(banglabert->enhanced_banglabert)
456718	None	enhanced_cascade_cv(banglabert->enhanced_banglabert)
520231	None	enhanced_cascade_cv(banglabert->enhanced_banglabert)
331709	None	enhanced_cascade_cv(banglabert->enhanced_banglabert)
409943	None	enhanced_cascade_cv(banglabert->enhanced_banglabert)
56275	None	enhanced_cascade_cv(banglabert->enhanced_banglabert)
692039	Community	enhanced_cascade_cv(banglabert->enhanced_banglabert)
269451	Individual	enhanced_cascade_cv(banglabert->enhanced_banglabert)
13455	Individual	enhanced_cascade_cv(banglabert->enhanced_banglabert)
612107	Individual	enhanced_cascade_cv(banglabert->enhanced_banglabert)
520921	None	enhanced_cascade_cv(banglabert->enhanced_banglabert)
309449	None	enhanced_cascade_cv(banglabert->enhanced_banglabert)
30231	None	enhanced_cascade_cv(banglabert->enhanced_banglabert)
749946	Community	enhanced_cascade_cv(banglabert->enhanced_banglabert)
230540	Individual	enhanced_cascade_cv(banglabert->enhanced_banglabert)
306383	None	enhanced_cascade_cv(banglabert->enhanced_banglabert)
266663	Organization	enhanced_cascade_cv(banglabert->enhanced_banglabert)
306200	None	enhanced_cascade_cv(banglabert->enhanced_banglabert)
932141	None	enhanced_cascade_cv(banglabert->enhanced_banglabert)
159638	None	enhanced_cascade_cv(banglabert->enhanced_banglabert)
153112	None	enhanced_cascade_cv(banglabert->enhanced_banglabert)
36929	Organization	enhanced_cascade_cv(banglabert->enhanced_banglabert)
570695	Community	enhanced_cascade_cv(banglabert->enhanced_banglabert)
930405	None	enhanced_cascade_cv(banglabert->enhanced_banglabert)
934284	None	enhanced_cascade_cv(banglabert->enhanced_banglabert)
241721	None	enhanced_cascade_cv(banglabert->enhanced_banglabert)
743285	None	enhanced_cascade_cv(banglabert->enhanced_banglabert)
650205	None	enhanced_cascade_cv(banglabert->enhanced_banglabert)
231694	Individual	enhanced_cascade_cv(banglabert->enhanced_banglabert)
240267	Society	enhanced_cascade_cv(banglabert->enhanced_banglabert)
105646	Individual	enhanced_cascade_cv(banglabert->enhanced_banglabert)
166927	Individual	enhanced_cascade_cv(banglabert->enhanced_banglabert)
222182	Organization	enhanced_cascade_cv(banglabert->enhanced_banglabert)
719880	None	enhanced_cascade_cv(banglabert->enhanced_banglabert)
304302	Organization	enhanced_cascade_cv(banglabert->enhanced_banglabert)
246202	Organization	enhanced_cascade_cv(banglabert->enhanced_banglabert)
581414	None	enhanced_cascade_cv(banglabert->enhanced_banglabert)
39223	None	enhanced_cascade_cv(banglabert->enhanced_banglabert)
331481	None	enhanced_cascade_cv(banglabert->enhanced_banglabert)
759027	Organization	enhanced_cascade_cv(banglabert->enhanced_banglabert)
372475	None	enhanced_cascade_cv(banglabert->enhanced_banglabert)
279602	None	enhanced_cascade_cv(banglabert->enhanced_banglabert)
374463	Society	enhanced_cascade_cv(banglabert->enhanced_banglabert)
522124	Society	enhanced_cascade_cv(banglabert->enhanced_banglabert)
96971	Individual	enhanced_cascade_cv(banglabert->enhanced_banglabert)
563986	None	enhanced_cascade_cv(banglabert->enhanced_banglabert)
186068	None	enhanced_cascade_cv(banglabert->enhanced_banglabert)
645261	None	enhanced_cascade_cv(banglabert->enhanced_banglabert)
491781	None	enhanced_cascade_cv(banglabert->enhanced_banglabert)
227160	Organization	enhanced_cascade_cv(banglabert->enhanced_banglabert)
49682	Society	enhanced_cascade_cv(banglabert->enhanced_banglabert)
715513	None	enhanced_cascade_cv(banglabert->enhanced_banglabert)
750666	None	enhanced_cascade_cv(banglabert->enhanced_banglabert)
498452	None	enhanced_cascade_cv(banglabert->enhanced_banglabert)
749770	None	enhanced_cascade_cv(banglabert->enhanced_banglabert)
374272	Community	enhanced_cascade_cv(banglabert->enhanced_banglabert)
300680	None	enhanced_cascade_cv(banglabert->enhanced_banglabert)
502810	None	enhanced_cascade_cv(banglabert->enhanced_banglabert)
537922	Individual	enhanced_cascade_cv(banglabert->enhanced_banglabert)
301818	Individual	enhanced_cascade_cv(banglabert->enhanced_banglabert)
77449	Individual	enhanced_cascade_cv(banglabert->enhanced_banglabert)
158868	None	enhanced_cascade_cv(banglabert->enhanced_banglabert)
565434	Community	enhanced_cascade_cv(banglabert->enhanced_banglabert)
744307	None	enhanced_cascade_cv(banglabert->enhanced_banglabert)
648825	Organization	enhanced_cascade_cv(banglabert->enhanced_banglabert)
918300	None	enhanced_cascade_cv(banglabert->enhanced_banglabert)
573225	Individual	enhanced_cascade_cv(banglabert->enhanced_banglabert)
627856	Community	enhanced_cascade_cv(banglabert->enhanced_banglabert)
772659	Individual	enhanced_cascade_cv(banglabert->enhanced_banglabert)
776500	None	enhanced_cascade_cv(banglabert->enhanced_banglabert)
709524	None	enhanced_cascade_cv(banglabert->enhanced_banglabert)
321575	None	enhanced_cascade_cv(banglabert->enhanced_banglabert)
137962	None	enhanced_cascade_cv(banglabert->enhanced_banglabert)
542955	None	enhanced_cascade_cv(banglabert->enhanced_banglabert)
413666	None	enhanced_cascade_cv(banglabert->enhanced_banglabert)
436247	None	enhanced_cascade_cv(banglabert->enhanced_banglabert)
116299	None	enhanced_cascade_cv(banglabert->enhanced_banglabert)
764090	None	enhanced_cascade_cv(banglabert->enhanced_banglabert)
236100	None	enhanced_cascade_cv(banglabert->enhanced_banglabert)
602786	Organization	enhanced_cascade_cv(banglabert->enhanced_banglabert)
331368	Individual	enhanced_cascade_cv(banglabert->enhanced_banglabert)
281614	None	enhanced_cascade_cv(banglabert->enhanced_banglabert)
60782	None	enhanced_cascade_cv(banglabert->enhanced_banglabert)
789968	None	enhanced_cascade_cv(banglabert->enhanced_banglabert)
712671	None	enhanced_cascade_cv(banglabert->enhanced_banglabert)
859775	None	enhanced_cascade_cv(banglabert->enhanced_banglabert)
652672	None	enhanced_cascade_cv(banglabert->enhanced_banglabert)
482297	None	enhanced_cascade_cv(banglabert->enhanced_banglabert)
831573	None	enhanced_cascade_cv(banglabert->enhanced_banglabert)
878250	None	enhanced_cascade_cv(banglabert->enhanced_banglabert)
524161	None	enhanced_cascade_cv(banglabert->enhanced_banglabert)
740158	None	enhanced_cascade_cv(banglabert->enhanced_banglabert)
116408	Organization	enhanced_cascade_cv(banglabert->enhanced_banglabert)
852595	None	enhanced_cascade_cv(banglabert->enhanced_banglabert)
6970	None	enhanced_cascade_cv(banglabert->enhanced_banglabert)
15185	None	enhanced_cascade_cv(banglabert->enhanced_banglabert)
104676	None	enhanced_cascade_cv(banglabert->enhanced_banglabert)
514480	None	enhanced_cascade_cv(banglabert->enhanced_banglabert)
190562	Individual	enhanced_cascade_cv(banglabert->enhanced_banglabert)
236486	None	enhanced_cascade_cv(banglabert->enhanced_banglabert)
332051	Individual	enhanced_cascade_cv(banglabert->enhanced_banglabert)
324497	Individual	enhanced_cascade_cv(banglabert->enhanced_banglabert)
616466	None	enhanced_cascade_cv(banglabert->enhanced_banglabert)
153952	None	enhanced_cascade_cv(banglabert->enhanced_banglabert)
937715	None	enhanced_cascade_cv(banglabert->enhanced_banglabert)
408137	None	enhanced_cascade_cv(banglabert->enhanced_banglabert)
722171	None	enhanced_cascade_cv(banglabert->enhanced_banglabert)
187787	None	enhanced_cascade_cv(banglabert->enhanced_banglabert)
833086	Community	enhanced_cascade_cv(banglabert->enhanced_banglabert)
402586	Society	enhanced_cascade_cv(banglabert->enhanced_banglabert)
79900	Organization	enhanced_cascade_cv(banglabert->enhanced_banglabert)
455503	None	enhanced_cascade_cv(banglabert->enhanced_banglabert)
662760	Individual	enhanced_cascade_cv(banglabert->enhanced_banglabert)
145666	None	enhanced_cascade_cv(banglabert->enhanced_banglabert)
269395	None	enhanced_cascade_cv(banglabert->enhanced_banglabert)
855977	Individual	enhanced_cascade_cv(banglabert->enhanced_banglabert)
411862	Community	enhanced_cascade_cv(banglabert->enhanced_banglabert)
840865	Individual	enhanced_cascade_cv(banglabert->enhanced_banglabert)
656131	None	enhanced_cascade_cv(banglabert->enhanced_banglabert)
283203	Organization	enhanced_cascade_cv(banglabert->enhanced_banglabert)
635480	None	enhanced_cascade_cv(banglabert->enhanced_banglabert)
929892	Community	enhanced_cascade_cv(banglabert->enhanced_banglabert)
900226	Individual	enhanced_cascade_cv(banglabert->enhanced_banglabert)
187748	None	enhanced_cascade_cv(banglabert->enhanced_banglabert)
863939	Individual	enhanced_cascade_cv(banglabert->enhanced_banglabert)
562894	None	enhanced_cascade_cv(banglabert->enhanced_banglabert)
229250	Individual	enhanced_cascade_cv(banglabert->enhanced_banglabert)
258055	None	enhanced_cascade_cv(banglabert->enhanced_banglabert)
516568	None	enhanced_cascade_cv(banglabert->enhanced_banglabert)
241001	None	enhanced_cascade_cv(banglabert->enhanced_banglabert)
738147	None	enhanced_cascade_cv(banglabert->enhanced_banglabert)
914834	None	enhanced_cascade_cv(banglabert->enhanced_banglabert)
502930	None	enhanced_cascade_cv(banglabert->enhanced_banglabert)
157805	None	enhanced_cascade_cv(banglabert->enhanced_banglabert)
182528	None	enhanced_cascade_cv(banglabert->enhanced_banglabert)
496305	None	enhanced_cascade_cv(banglabert->enhanced_banglabert)
127441	Society	enhanced_cascade_cv(banglabert->enhanced_banglabert)
516994	None	enhanced_cascade_cv(banglabert->enhanced_banglabert)
296128	Society	enhanced_cascade_cv(banglabert->enhanced_banglabert)
498286	None	enhanced_cascade_cv(banglabert->enhanced_banglabert)
882886	Community	enhanced_cascade_cv(banglabert->enhanced_banglabert)
654441	None	enhanced_cascade_cv(banglabert->enhanced_banglabert)
355409	None	enhanced_cascade_cv(banglabert->enhanced_banglabert)
526987	None	enhanced_cascade_cv(banglabert->enhanced_banglabert)
166978	None	enhanced_cascade_cv(banglabert->enhanced_banglabert)
17756	Society	enhanced_cascade_cv(banglabert->enhanced_banglabert)
266720	Organization	enhanced_cascade_cv(banglabert->enhanced_banglabert)
814729	None	enhanced_cascade_cv(banglabert->enhanced_banglabert)
622339	None	enhanced_cascade_cv(banglabert->enhanced_banglabert)
735625	None	enhanced_cascade_cv(banglabert->enhanced_banglabert)
202261	None	enhanced_cascade_cv(banglabert->enhanced_banglabert)
374523	None	enhanced_cascade_cv(banglabert->enhanced_banglabert)
336668	None	enhanced_cascade_cv(banglabert->enhanced_banglabert)
548637	None	enhanced_cascade_cv(banglabert->enhanced_banglabert)
303416	None	enhanced_cascade_cv(banglabert->enhanced_banglabert)
564069	Organization	enhanced_cascade_cv(banglabert->enhanced_banglabert)
796931	Society	enhanced_cascade_cv(banglabert->enhanced_banglabert)
830985	None	enhanced_cascade_cv(banglabert->enhanced_banglabert)
492468	None	enhanced_cascade_cv(banglabert->enhanced_banglabert)
251311	None	enhanced_cascade_cv(banglabert->enhanced_banglabert)
842728	Organization	enhanced_cascade_cv(banglabert->enhanced_banglabert)
124702	None	enhanced_cascade_cv(banglabert->enhanced_banglabert)
891343	None	enhanced_cascade_cv(banglabert->enhanced_banglabert)
376956	None	enhanced_cascade_cv(banglabert->enhanced_banglabert)
676134	Individual	enhanced_cascade_cv(banglabert->enhanced_banglabert)
353841	None	enhanced_cascade_cv(banglabert->enhanced_banglabert)
669871	None	enhanced_cascade_cv(banglabert->enhanced_banglabert)
720106	None	enhanced_cascade_cv(banglabert->enhanced_banglabert)
551785	Community	enhanced_cascade_cv(banglabert->enhanced_banglabert)
31813	None	enhanced_cascade_cv(banglabert->enhanced_banglabert)
179141	None	enhanced_cascade_cv(banglabert->enhanced_banglabert)
722850	Organization	enhanced_cascade_cv(banglabert->enhanced_banglabert)
111661	Individual	enhanced_cascade_cv(banglabert->enhanced_banglabert)
385980	Individual	enhanced_cascade_cv(banglabert->enhanced_banglabert)
478200	None	enhanced_cascade_cv(banglabert->enhanced_banglabert)
627607	Individual	enhanced_cascade_cv(banglabert->enhanced_banglabert)
723418	Organization	enhanced_cascade_cv(banglabert->enhanced_banglabert)
121301	None	enhanced_cascade_cv(banglabert->enhanced_banglabert)
111742	None	enhanced_cascade_cv(banglabert->enhanced_banglabert)
448538	Organization	enhanced_cascade_cv(banglabert->enhanced_banglabert)
244405	None	enhanced_cascade_cv(banglabert->enhanced_banglabert)
51703	None	enhanced_cascade_cv(banglabert->enhanced_banglabert)
276254	None	enhanced_cascade_cv(banglabert->enhanced_banglabert)
818115	Society	enhanced_cascade_cv(banglabert->enhanced_banglabert)
839545	Organization	enhanced_cascade_cv(banglabert->enhanced_banglabert)
500452	None	enhanced_cascade_cv(banglabert->enhanced_banglabert)
100905	Organization	enhanced_cascade_cv(banglabert->enhanced_banglabert)
10100	None	enhanced_cascade_cv(banglabert->enhanced_banglabert)
17326	Community	enhanced_cascade_cv(banglabert->enhanced_banglabert)
802542	Community	enhanced_cascade_cv(banglabert->enhanced_banglabert)
405562	None	enhanced_cascade_cv(banglabert->enhanced_banglabert)
297210	Organization	enhanced_cascade_cv(banglabert->enhanced_banglabert)
633450	None	enhanced_cascade_cv(banglabert->enhanced_banglabert)
24947	Individual	enhanced_cascade_cv(banglabert->enhanced_banglabert)
827247	Organization	enhanced_cascade_cv(banglabert->enhanced_banglabert)
91001	Individual	enhanced_cascade_cv(banglabert->enhanced_banglabert)
797577	None	enhanced_cascade_cv(banglabert->enhanced_banglabert)
203064	Community	enhanced_cascade_cv(banglabert->enhanced_banglabert)
437031	Community	enhanced_cascade_cv(banglabert->enhanced_banglabert)
76338	Individual	enhanced_cascade_cv(banglabert->enhanced_banglabert)
28529	Community	enhanced_cascade_cv(banglabert->enhanced_banglabert)
416581	None	enhanced_cascade_cv(banglabert->enhanced_banglabert)
326992	Individual	enhanced_cascade_cv(banglabert->enhanced_banglabert)
294318	None	enhanced_cascade_cv(banglabert->enhanced_banglabert)
24010	None	enhanced_cascade_cv(banglabert->enhanced_banglabert)
391690	None	enhanced_cascade_cv(banglabert->enhanced_banglabert)
898471	None	enhanced_cascade_cv(banglabert->enhanced_banglabert)
139015	Community	enhanced_cascade_cv(banglabert->enhanced_banglabert)
629277	Community	enhanced_cascade_cv(banglabert->enhanced_banglabert)
249523	Community	enhanced_cascade_cv(banglabert->enhanced_banglabert)
480655	None	enhanced_cascade_cv(banglabert->enhanced_banglabert)
923143	None	enhanced_cascade_cv(banglabert->enhanced_banglabert)
574020	None	enhanced_cascade_cv(banglabert->enhanced_banglabert)
498850	Individual	enhanced_cascade_cv(banglabert->enhanced_banglabert)
858529	None	enhanced_cascade_cv(banglabert->enhanced_banglabert)
916168	None	enhanced_cascade_cv(banglabert->enhanced_banglabert)
547040	Individual	enhanced_cascade_cv(banglabert->enhanced_banglabert)
465291	None	enhanced_cascade_cv(banglabert->enhanced_banglabert)
571806	Organization	enhanced_cascade_cv(banglabert->enhanced_banglabert)
569300	Organization	enhanced_cascade_cv(banglabert->enhanced_banglabert)
499970	Individual	enhanced_cascade_cv(banglabert->enhanced_banglabert)
447242	Society	enhanced_cascade_cv(banglabert->enhanced_banglabert)
184864	None	enhanced_cascade_cv(banglabert->enhanced_banglabert)
463779	None	enhanced_cascade_cv(banglabert->enhanced_banglabert)
733792	None	enhanced_cascade_cv(banglabert->enhanced_banglabert)
687387	None	enhanced_cascade_cv(banglabert->enhanced_banglabert)
363410	None	enhanced_cascade_cv(banglabert->enhanced_banglabert)
613123	Community	enhanced_cascade_cv(banglabert->enhanced_banglabert)
202791	Organization	enhanced_cascade_cv(banglabert->enhanced_banglabert)
635751	Individual	enhanced_cascade_cv(banglabert->enhanced_banglabert)
608506	None	enhanced_cascade_cv(banglabert->enhanced_banglabert)
17576	Individual	enhanced_cascade_cv(banglabert->enhanced_banglabert)
230291	Community	enhanced_cascade_cv(banglabert->enhanced_banglabert)
382243	Community	enhanced_cascade_cv(banglabert->enhanced_banglabert)
549845	None	enhanced_cascade_cv(banglabert->enhanced_banglabert)
201772	None	enhanced_cascade_cv(banglabert->enhanced_banglabert)
326030	Individual	enhanced_cascade_cv(banglabert->enhanced_banglabert)
604410	None	enhanced_cascade_cv(banglabert->enhanced_banglabert)
32709	None	enhanced_cascade_cv(banglabert->enhanced_banglabert)
229330	Organization	enhanced_cascade_cv(banglabert->enhanced_banglabert)
131732	Community	enhanced_cascade_cv(banglabert->enhanced_banglabert)
10683	Organization	enhanced_cascade_cv(banglabert->enhanced_banglabert)
364807	None	enhanced_cascade_cv(banglabert->enhanced_banglabert)
934121	Individual	enhanced_cascade_cv(banglabert->enhanced_banglabert)
315440	None	enhanced_cascade_cv(banglabert->enhanced_banglabert)
840059	Community	enhanced_cascade_cv(banglabert->enhanced_banglabert)
195161	Organization	enhanced_cascade_cv(banglabert->enhanced_banglabert)
157090	None	enhanced_cascade_cv(banglabert->enhanced_banglabert)
653468	None	enhanced_cascade_cv(banglabert->enhanced_banglabert)
377827	Community	enhanced_cascade_cv(banglabert->enhanced_banglabert)
588597	Organization	enhanced_cascade_cv(banglabert->enhanced_banglabert)
200076	None	enhanced_cascade_cv(banglabert->enhanced_banglabert)
266411	Individual	enhanced_cascade_cv(banglabert->enhanced_banglabert)
346398	None	enhanced_cascade_cv(banglabert->enhanced_banglabert)
825712	None	enhanced_cascade_cv(banglabert->enhanced_banglabert)
693484	None	enhanced_cascade_cv(banglabert->enhanced_banglabert)
109964	Individual	enhanced_cascade_cv(banglabert->enhanced_banglabert)
304021	None	enhanced_cascade_cv(banglabert->enhanced_banglabert)
265907	None	enhanced_cascade_cv(banglabert->enhanced_banglabert)
781953	None	enhanced_cascade_cv(banglabert->enhanced_banglabert)
697858	None	enhanced_cascade_cv(banglabert->enhanced_banglabert)
476327	None	enhanced_cascade_cv(banglabert->enhanced_banglabert)
927901	None	enhanced_cascade_cv(banglabert->enhanced_banglabert)
837639	Individual	enhanced_cascade_cv(banglabert->enhanced_banglabert)
492990	Society	enhanced_cascade_cv(banglabert->enhanced_banglabert)
360379	None	enhanced_cascade_cv(banglabert->enhanced_banglabert)
618518	None	enhanced_cascade_cv(banglabert->enhanced_banglabert)
649931	None	enhanced_cascade_cv(banglabert->enhanced_banglabert)
175496	Organization	enhanced_cascade_cv(banglabert->enhanced_banglabert)
422178	None	enhanced_cascade_cv(banglabert->enhanced_banglabert)
763331	None	enhanced_cascade_cv(banglabert->enhanced_banglabert)
463514	Community	enhanced_cascade_cv(banglabert->enhanced_banglabert)
452271	None	enhanced_cascade_cv(banglabert->enhanced_banglabert)
255091	None	enhanced_cascade_cv(banglabert->enhanced_banglabert)
639406	None	enhanced_cascade_cv(banglabert->enhanced_banglabert)
617882	None	enhanced_cascade_cv(banglabert->enhanced_banglabert)
424539	None	enhanced_cascade_cv(banglabert->enhanced_banglabert)
534382	None	enhanced_cascade_cv(banglabert->enhanced_banglabert)
656382	None	enhanced_cascade_cv(banglabert->enhanced_banglabert)
523467	None	enhanced_cascade_cv(banglabert->enhanced_banglabert)
678646	Community	enhanced_cascade_cv(banglabert->enhanced_banglabert)
13863	None	enhanced_cascade_cv(banglabert->enhanced_banglabert)
345913	None	enhanced_cascade_cv(banglabert->enhanced_banglabert)
670277	Society	enhanced_cascade_cv(banglabert->enhanced_banglabert)
759098	None	enhanced_cascade_cv(banglabert->enhanced_banglabert)
174859	None	enhanced_cascade_cv(banglabert->enhanced_banglabert)
81340	None	enhanced_cascade_cv(banglabert->enhanced_banglabert)
922743	None	enhanced_cascade_cv(banglabert->enhanced_banglabert)
105579	None	enhanced_cascade_cv(banglabert->enhanced_banglabert)
819932	None	enhanced_cascade_cv(banglabert->enhanced_banglabert)
724622	Individual	enhanced_cascade_cv(banglabert->enhanced_banglabert)
8040	None	enhanced_cascade_cv(banglabert->enhanced_banglabert)
661589	None	enhanced_cascade_cv(banglabert->enhanced_banglabert)
25308	None	enhanced_cascade_cv(banglabert->enhanced_banglabert)
479411	None	enhanced_cascade_cv(banglabert->enhanced_banglabert)
104723	Individual	enhanced_cascade_cv(banglabert->enhanced_banglabert)
804467	None	enhanced_cascade_cv(banglabert->enhanced_banglabert)
164017	Community	enhanced_cascade_cv(banglabert->enhanced_banglabert)
228242	Individual	enhanced_cascade_cv(banglabert->enhanced_banglabert)
668562	Organization	enhanced_cascade_cv(banglabert->enhanced_banglabert)
900643	Community	enhanced_cascade_cv(banglabert->enhanced_banglabert)
171741	Individual	enhanced_cascade_cv(banglabert->enhanced_banglabert)
596654	Community	enhanced_cascade_cv(banglabert->enhanced_banglabert)
294586	None	enhanced_cascade_cv(banglabert->enhanced_banglabert)
118070	Organization	enhanced_cascade_cv(banglabert->enhanced_banglabert)
643819	None	enhanced_cascade_cv(banglabert->enhanced_banglabert)
316098	None	enhanced_cascade_cv(banglabert->enhanced_banglabert)
483088	None	enhanced_cascade_cv(banglabert->enhanced_banglabert)
803231	None	enhanced_cascade_cv(banglabert->enhanced_banglabert)
798743	None	enhanced_cascade_cv(banglabert->enhanced_banglabert)
292802	Organization	enhanced_cascade_cv(banglabert->enhanced_banglabert)
130898	None	enhanced_cascade_cv(banglabert->enhanced_banglabert)
656615	None	enhanced_cascade_cv(banglabert->enhanced_banglabert)
369848	None	enhanced_cascade_cv(banglabert->enhanced_banglabert)
42763	None	enhanced_cascade_cv(banglabert->enhanced_banglabert)
198700	Individual	enhanced_cascade_cv(banglabert->enhanced_banglabert)
147433	Organization	enhanced_cascade_cv(banglabert->enhanced_banglabert)
112969	Individual	enhanced_cascade_cv(banglabert->enhanced_banglabert)
365334	None	enhanced_cascade_cv(banglabert->enhanced_banglabert)
334533	Individual	enhanced_cascade_cv(banglabert->enhanced_banglabert)
45513	None	enhanced_cascade_cv(banglabert->enhanced_banglabert)
194291	Individual	enhanced_cascade_cv(banglabert->enhanced_banglabert)
242147	None	enhanced_cascade_cv(banglabert->enhanced_banglabert)
543843	None	enhanced_cascade_cv(banglabert->enhanced_banglabert)
765276	None	enhanced_cascade_cv(banglabert->enhanced_banglabert)
104725	Organization	enhanced_cascade_cv(banglabert->enhanced_banglabert)
618757	None	enhanced_cascade_cv(banglabert->enhanced_banglabert)
181782	Organization	enhanced_cascade_cv(banglabert->enhanced_banglabert)
914164	None	enhanced_cascade_cv(banglabert->enhanced_banglabert)
822076	None	enhanced_cascade_cv(banglabert->enhanced_banglabert)
599831	None	enhanced_cascade_cv(banglabert->enhanced_banglabert)
703814	Society	enhanced_cascade_cv(banglabert->enhanced_banglabert)
871608	None	enhanced_cascade_cv(banglabert->enhanced_banglabert)
139975	None	enhanced_cascade_cv(banglabert->enhanced_banglabert)
368136	None	enhanced_cascade_cv(banglabert->enhanced_banglabert)
809802	None	enhanced_cascade_cv(banglabert->enhanced_banglabert)
568236	Organization	enhanced_cascade_cv(banglabert->enhanced_banglabert)
642774	Individual	enhanced_cascade_cv(banglabert->enhanced_banglabert)
553115	None	enhanced_cascade_cv(banglabert->enhanced_banglabert)
147246	None	enhanced_cascade_cv(banglabert->enhanced_banglabert)
871806	Organization	enhanced_cascade_cv(banglabert->enhanced_banglabert)
906009	Community	enhanced_cascade_cv(banglabert->enhanced_banglabert)
604767	Organization	enhanced_cascade_cv(banglabert->enhanced_banglabert)
98991	None	enhanced_cascade_cv(banglabert->enhanced_banglabert)
491918	Organization	enhanced_cascade_cv(banglabert->enhanced_banglabert)
398790	None	enhanced_cascade_cv(banglabert->enhanced_banglabert)
350726	None	enhanced_cascade_cv(banglabert->enhanced_banglabert)
175253	None	enhanced_cascade_cv(banglabert->enhanced_banglabert)
29355	None	enhanced_cascade_cv(banglabert->enhanced_banglabert)
93250	Organization	enhanced_cascade_cv(banglabert->enhanced_banglabert)
19886	Society	enhanced_cascade_cv(banglabert->enhanced_banglabert)
445227	None	enhanced_cascade_cv(banglabert->enhanced_banglabert)
853191	None	enhanced_cascade_cv(banglabert->enhanced_banglabert)
679355	None	enhanced_cascade_cv(banglabert->enhanced_banglabert)
782445	None	enhanced_cascade_cv(banglabert->enhanced_banglabert)
907865	None	enhanced_cascade_cv(banglabert->enhanced_banglabert)
330279	None	enhanced_cascade_cv(banglabert->enhanced_banglabert)
79692	None	enhanced_cascade_cv(banglabert->enhanced_banglabert)
482416	Community	enhanced_cascade_cv(banglabert->enhanced_banglabert)
316930	Individual	enhanced_cascade_cv(banglabert->enhanced_banglabert)
389198	Organization	enhanced_cascade_cv(banglabert->enhanced_banglabert)
383466	None	enhanced_cascade_cv(banglabert->enhanced_banglabert)
726414	Society	enhanced_cascade_cv(banglabert->enhanced_banglabert)
511782	None	enhanced_cascade_cv(banglabert->enhanced_banglabert)
319242	None	enhanced_cascade_cv(banglabert->enhanced_banglabert)
908647	None	enhanced_cascade_cv(banglabert->enhanced_banglabert)
462082	None	enhanced_cascade_cv(banglabert->enhanced_banglabert)
471029	None	enhanced_cascade_cv(banglabert->enhanced_banglabert)
825212	Society	enhanced_cascade_cv(banglabert->enhanced_banglabert)
655469	None	enhanced_cascade_cv(banglabert->enhanced_banglabert)
162768	None	enhanced_cascade_cv(banglabert->enhanced_banglabert)
213891	None	enhanced_cascade_cv(banglabert->enhanced_banglabert)
189626	Organization	enhanced_cascade_cv(banglabert->enhanced_banglabert)
618775	None	enhanced_cascade_cv(banglabert->enhanced_banglabert)
467524	None	enhanced_cascade_cv(banglabert->enhanced_banglabert)
833010	None	enhanced_cascade_cv(banglabert->enhanced_banglabert)
437027	None	enhanced_cascade_cv(banglabert->enhanced_banglabert)
751682	None	enhanced_cascade_cv(banglabert->enhanced_banglabert)
394778	None	enhanced_cascade_cv(banglabert->enhanced_banglabert)
462766	None	enhanced_cascade_cv(banglabert->enhanced_banglabert)
464908	Individual	enhanced_cascade_cv(banglabert->enhanced_banglabert)
551029	None	enhanced_cascade_cv(banglabert->enhanced_banglabert)
930583	None	enhanced_cascade_cv(banglabert->enhanced_banglabert)
127354	None	enhanced_cascade_cv(banglabert->enhanced_banglabert)
474903	None	enhanced_cascade_cv(banglabert->enhanced_banglabert)
154285	Community	enhanced_cascade_cv(banglabert->enhanced_banglabert)
516498	None	enhanced_cascade_cv(banglabert->enhanced_banglabert)
211955	Individual	enhanced_cascade_cv(banglabert->enhanced_banglabert)
542234	None	enhanced_cascade_cv(banglabert->enhanced_banglabert)
376628	None	enhanced_cascade_cv(banglabert->enhanced_banglabert)
700225	None	enhanced_cascade_cv(banglabert->enhanced_banglabert)
786647	Individual	enhanced_cascade_cv(banglabert->enhanced_banglabert)
257576	Organization	enhanced_cascade_cv(banglabert->enhanced_banglabert)
758485	None	enhanced_cascade_cv(banglabert->enhanced_banglabert)
99453	Organization	enhanced_cascade_cv(banglabert->enhanced_banglabert)
915727	None	enhanced_cascade_cv(banglabert->enhanced_banglabert)
376246	None	enhanced_cascade_cv(banglabert->enhanced_banglabert)
373071	Society	enhanced_cascade_cv(banglabert->enhanced_banglabert)
470824	None	enhanced_cascade_cv(banglabert->enhanced_banglabert)
178420	None	enhanced_cascade_cv(banglabert->enhanced_banglabert)
217557	Individual	enhanced_cascade_cv(banglabert->enhanced_banglabert)
191400	Organization	enhanced_cascade_cv(banglabert->enhanced_banglabert)
517200	None	enhanced_cascade_cv(banglabert->enhanced_banglabert)
653544	Organization	enhanced_cascade_cv(banglabert->enhanced_banglabert)
70411	Organization	enhanced_cascade_cv(banglabert->enhanced_banglabert)
149905	Organization	enhanced_cascade_cv(banglabert->enhanced_banglabert)
153918	None	enhanced_cascade_cv(banglabert->enhanced_banglabert)
723635	None	enhanced_cascade_cv(banglabert->enhanced_banglabert)
666300	None	enhanced_cascade_cv(banglabert->enhanced_banglabert)
323812	None	enhanced_cascade_cv(banglabert->enhanced_banglabert)
9604	Community	enhanced_cascade_cv(banglabert->enhanced_banglabert)
770780	None	enhanced_cascade_cv(banglabert->enhanced_banglabert)
271658	None	enhanced_cascade_cv(banglabert->enhanced_banglabert)
882647	None	enhanced_cascade_cv(banglabert->enhanced_banglabert)
551920	None	enhanced_cascade_cv(banglabert->enhanced_banglabert)
583947	None	enhanced_cascade_cv(banglabert->enhanced_banglabert)
820628	None	enhanced_cascade_cv(banglabert->enhanced_banglabert)
277192	Individual	enhanced_cascade_cv(banglabert->enhanced_banglabert)
897906	None	enhanced_cascade_cv(banglabert->enhanced_banglabert)
249214	Individual	enhanced_cascade_cv(banglabert->enhanced_banglabert)
893683	Individual	enhanced_cascade_cv(banglabert->enhanced_banglabert)
4464	None	enhanced_cascade_cv(banglabert->enhanced_banglabert)
9468	None	enhanced_cascade_cv(banglabert->enhanced_banglabert)
377406	Individual	enhanced_cascade_cv(banglabert->enhanced_banglabert)
560474	None	enhanced_cascade_cv(banglabert->enhanced_banglabert)
486586	None	enhanced_cascade_cv(banglabert->enhanced_banglabert)
521490	None	enhanced_cascade_cv(banglabert->enhanced_banglabert)
5279	None	enhanced_cascade_cv(banglabert->enhanced_banglabert)
42496	Community	enhanced_cascade_cv(banglabert->enhanced_banglabert)
13705	None	enhanced_cascade_cv(banglabert->enhanced_banglabert)
326556	None	enhanced_cascade_cv(banglabert->enhanced_banglabert)
517143	None	enhanced_cascade_cv(banglabert->enhanced_banglabert)
663202	Society	enhanced_cascade_cv(banglabert->enhanced_banglabert)
17476	Community	enhanced_cascade_cv(banglabert->enhanced_banglabert)
422364	Individual	enhanced_cascade_cv(banglabert->enhanced_banglabert)
319609	Community	enhanced_cascade_cv(banglabert->enhanced_banglabert)
934595	Community	enhanced_cascade_cv(banglabert->enhanced_banglabert)
283893	Individual	enhanced_cascade_cv(banglabert->enhanced_banglabert)
105406	Organization	enhanced_cascade_cv(banglabert->enhanced_banglabert)
454062	Community	enhanced_cascade_cv(banglabert->enhanced_banglabert)
685691	None	enhanced_cascade_cv(banglabert->enhanced_banglabert)
671240	None	enhanced_cascade_cv(banglabert->enhanced_banglabert)
323990	Organization	enhanced_cascade_cv(banglabert->enhanced_banglabert)
464804	None	enhanced_cascade_cv(banglabert->enhanced_banglabert)
126109	Organization	enhanced_cascade_cv(banglabert->enhanced_banglabert)
599618	None	enhanced_cascade_cv(banglabert->enhanced_banglabert)
517229	Individual	enhanced_cascade_cv(banglabert->enhanced_banglabert)
212493	Organization	enhanced_cascade_cv(banglabert->enhanced_banglabert)
395279	None	enhanced_cascade_cv(banglabert->enhanced_banglabert)
802441	Community	enhanced_cascade_cv(banglabert->enhanced_banglabert)
372446	None	enhanced_cascade_cv(banglabert->enhanced_banglabert)
131053	None	enhanced_cascade_cv(banglabert->enhanced_banglabert)
927153	None	enhanced_cascade_cv(banglabert->enhanced_banglabert)
382647	Community	enhanced_cascade_cv(banglabert->enhanced_banglabert)
739909	None	enhanced_cascade_cv(banglabert->enhanced_banglabert)
196365	None	enhanced_cascade_cv(banglabert->enhanced_banglabert)
725545	None	enhanced_cascade_cv(banglabert->enhanced_banglabert)
742737	None	enhanced_cascade_cv(banglabert->enhanced_banglabert)
324922	None	enhanced_cascade_cv(banglabert->enhanced_banglabert)
687465	Individual	enhanced_cascade_cv(banglabert->enhanced_banglabert)
127196	None	enhanced_cascade_cv(banglabert->enhanced_banglabert)
156582	None	enhanced_cascade_cv(banglabert->enhanced_banglabert)
736072	None	enhanced_cascade_cv(banglabert->enhanced_banglabert)
367939	None	enhanced_cascade_cv(banglabert->enhanced_banglabert)
227990	Organization	enhanced_cascade_cv(banglabert->enhanced_banglabert)
491013	None	enhanced_cascade_cv(banglabert->enhanced_banglabert)
331079	None	enhanced_cascade_cv(banglabert->enhanced_banglabert)
22603	None	enhanced_cascade_cv(banglabert->enhanced_banglabert)
142732	None	enhanced_cascade_cv(banglabert->enhanced_banglabert)
503395	None	enhanced_cascade_cv(banglabert->enhanced_banglabert)
97888	None	enhanced_cascade_cv(banglabert->enhanced_banglabert)
107987	None	enhanced_cascade_cv(banglabert->enhanced_banglabert)
538964	None	enhanced_cascade_cv(banglabert->enhanced_banglabert)
516815	None	enhanced_cascade_cv(banglabert->enhanced_banglabert)
675200	Community	enhanced_cascade_cv(banglabert->enhanced_banglabert)
922846	None	enhanced_cascade_cv(banglabert->enhanced_banglabert)
206055	Community	enhanced_cascade_cv(banglabert->enhanced_banglabert)
580711	Organization	enhanced_cascade_cv(banglabert->enhanced_banglabert)
433603	None	enhanced_cascade_cv(banglabert->enhanced_banglabert)
913918	None	enhanced_cascade_cv(banglabert->enhanced_banglabert)
681581	None	enhanced_cascade_cv(banglabert->enhanced_banglabert)
584423	None	enhanced_cascade_cv(banglabert->enhanced_banglabert)
81260	None	enhanced_cascade_cv(banglabert->enhanced_banglabert)
736221	None	enhanced_cascade_cv(banglabert->enhanced_banglabert)
623514	None	enhanced_cascade_cv(banglabert->enhanced_banglabert)
370581	Individual	enhanced_cascade_cv(banglabert->enhanced_banglabert)
192811	None	enhanced_cascade_cv(banglabert->enhanced_banglabert)
217208	Individual	enhanced_cascade_cv(banglabert->enhanced_banglabert)
889961	Individual	enhanced_cascade_cv(banglabert->enhanced_banglabert)
178079	None	enhanced_cascade_cv(banglabert->enhanced_banglabert)
90439	None	enhanced_cascade_cv(banglabert->enhanced_banglabert)
178971	None	enhanced_cascade_cv(banglabert->enhanced_banglabert)
22665	Individual	enhanced_cascade_cv(banglabert->enhanced_banglabert)
899276	Individual	enhanced_cascade_cv(banglabert->enhanced_banglabert)
310071	None	enhanced_cascade_cv(banglabert->enhanced_banglabert)
360030	Community	enhanced_cascade_cv(banglabert->enhanced_banglabert)
77977	Organization	enhanced_cascade_cv(banglabert->enhanced_banglabert)
830214	Individual	enhanced_cascade_cv(banglabert->enhanced_banglabert)
38886	Individual	enhanced_cascade_cv(banglabert->enhanced_banglabert)
105862	None	enhanced_cascade_cv(banglabert->enhanced_banglabert)
702732	None	enhanced_cascade_cv(banglabert->enhanced_banglabert)
938497	None	enhanced_cascade_cv(banglabert->enhanced_banglabert)
213252	None	enhanced_cascade_cv(banglabert->enhanced_banglabert)
457833	None	enhanced_cascade_cv(banglabert->enhanced_banglabert)
816803	Society	enhanced_cascade_cv(banglabert->enhanced_banglabert)
299704	None	enhanced_cascade_cv(banglabert->enhanced_banglabert)
803472	None	enhanced_cascade_cv(banglabert->enhanced_banglabert)
753215	None	enhanced_cascade_cv(banglabert->enhanced_banglabert)
542741	None	enhanced_cascade_cv(banglabert->enhanced_banglabert)
836974	None	enhanced_cascade_cv(banglabert->enhanced_banglabert)
691680	None	enhanced_cascade_cv(banglabert->enhanced_banglabert)
846299	None	enhanced_cascade_cv(banglabert->enhanced_banglabert)
433275	Individual	enhanced_cascade_cv(banglabert->enhanced_banglabert)
756273	None	enhanced_cascade_cv(banglabert->enhanced_banglabert)
740920	None	enhanced_cascade_cv(banglabert->enhanced_banglabert)
43626	Community	enhanced_cascade_cv(banglabert->enhanced_banglabert)
267060	Community	enhanced_cascade_cv(banglabert->enhanced_banglabert)
457841	None	enhanced_cascade_cv(banglabert->enhanced_banglabert)
875925	None	enhanced_cascade_cv(banglabert->enhanced_banglabert)
707304	None	enhanced_cascade_cv(banglabert->enhanced_banglabert)
305585	Organization	enhanced_cascade_cv(banglabert->enhanced_banglabert)
677304	Organization	enhanced_cascade_cv(banglabert->enhanced_banglabert)
402761	None	enhanced_cascade_cv(banglabert->enhanced_banglabert)
142035	None	enhanced_cascade_cv(banglabert->enhanced_banglabert)
322005	None	enhanced_cascade_cv(banglabert->enhanced_banglabert)
49390	None	enhanced_cascade_cv(banglabert->enhanced_banglabert)
707302	None	enhanced_cascade_cv(banglabert->enhanced_banglabert)
333125	Organization	enhanced_cascade_cv(banglabert->enhanced_banglabert)
416891	None	enhanced_cascade_cv(banglabert->enhanced_banglabert)
781755	Individual	enhanced_cascade_cv(banglabert->enhanced_banglabert)
372629	None	enhanced_cascade_cv(banglabert->enhanced_banglabert)
746812	None	enhanced_cascade_cv(banglabert->enhanced_banglabert)
661051	Community	enhanced_cascade_cv(banglabert->enhanced_banglabert)
223473	Individual	enhanced_cascade_cv(banglabert->enhanced_banglabert)
366446	None	enhanced_cascade_cv(banglabert->enhanced_banglabert)
439019	Individual	enhanced_cascade_cv(banglabert->enhanced_banglabert)
89017	Organization	enhanced_cascade_cv(banglabert->enhanced_banglabert)
833385	Individual	enhanced_cascade_cv(banglabert->enhanced_banglabert)
701974	None	enhanced_cascade_cv(banglabert->enhanced_banglabert)
532046	Individual	enhanced_cascade_cv(banglabert->enhanced_banglabert)
524121	None	enhanced_cascade_cv(banglabert->enhanced_banglabert)
73484	None	enhanced_cascade_cv(banglabert->enhanced_banglabert)
41759	None	enhanced_cascade_cv(banglabert->enhanced_banglabert)
556898	None	enhanced_cascade_cv(banglabert->enhanced_banglabert)
74071	None	enhanced_cascade_cv(banglabert->enhanced_banglabert)
664811	None	enhanced_cascade_cv(banglabert->enhanced_banglabert)
596155	None	enhanced_cascade_cv(banglabert->enhanced_banglabert)
861670	None	enhanced_cascade_cv(banglabert->enhanced_banglabert)
557487	None	enhanced_cascade_cv(banglabert->enhanced_banglabert)
475743	None	enhanced_cascade_cv(banglabert->enhanced_banglabert)
708802	None	enhanced_cascade_cv(banglabert->enhanced_banglabert)
510655	None	enhanced_cascade_cv(banglabert->enhanced_banglabert)
345029	None	enhanced_cascade_cv(banglabert->enhanced_banglabert)
853057	None	enhanced_cascade_cv(banglabert->enhanced_banglabert)
242665	Organization	enhanced_cascade_cv(banglabert->enhanced_banglabert)
823119	None	enhanced_cascade_cv(banglabert->enhanced_banglabert)
608926	None	enhanced_cascade_cv(banglabert->enhanced_banglabert)
480932	None	enhanced_cascade_cv(banglabert->enhanced_banglabert)
641524	None	enhanced_cascade_cv(banglabert->enhanced_banglabert)
571911	None	enhanced_cascade_cv(banglabert->enhanced_banglabert)
787716	None	enhanced_cascade_cv(banglabert->enhanced_banglabert)
265020	Individual	enhanced_cascade_cv(banglabert->enhanced_banglabert)
303183	None	enhanced_cascade_cv(banglabert->enhanced_banglabert)
352571	Organization	enhanced_cascade_cv(banglabert->enhanced_banglabert)
263134	Individual	enhanced_cascade_cv(banglabert->enhanced_banglabert)
611932	Individual	enhanced_cascade_cv(banglabert->enhanced_banglabert)
868718	None	enhanced_cascade_cv(banglabert->enhanced_banglabert)
503912	Organization	enhanced_cascade_cv(banglabert->enhanced_banglabert)
844107	Community	enhanced_cascade_cv(banglabert->enhanced_banglabert)
361784	Society	enhanced_cascade_cv(banglabert->enhanced_banglabert)
707013	None	enhanced_cascade_cv(banglabert->enhanced_banglabert)
540056	None	enhanced_cascade_cv(banglabert->enhanced_banglabert)
835721	None	enhanced_cascade_cv(banglabert->enhanced_banglabert)
235755	Organization	enhanced_cascade_cv(banglabert->enhanced_banglabert)
667776	None	enhanced_cascade_cv(banglabert->enhanced_banglabert)
649091	None	enhanced_cascade_cv(banglabert->enhanced_banglabert)
770663	Society	enhanced_cascade_cv(banglabert->enhanced_banglabert)
449984	Individual	enhanced_cascade_cv(banglabert->enhanced_banglabert)
832298	None	enhanced_cascade_cv(banglabert->enhanced_banglabert)
659157	Organization	enhanced_cascade_cv(banglabert->enhanced_banglabert)
271809	Individual	enhanced_cascade_cv(banglabert->enhanced_banglabert)
806432	None	enhanced_cascade_cv(banglabert->enhanced_banglabert)
137318	Organization	enhanced_cascade_cv(banglabert->enhanced_banglabert)
153306	None	enhanced_cascade_cv(banglabert->enhanced_banglabert)
38470	Organization	enhanced_cascade_cv(banglabert->enhanced_banglabert)
431582	Society	enhanced_cascade_cv(banglabert->enhanced_banglabert)
717164	None	enhanced_cascade_cv(banglabert->enhanced_banglabert)
580143	None	enhanced_cascade_cv(banglabert->enhanced_banglabert)
49990	None	enhanced_cascade_cv(banglabert->enhanced_banglabert)
845881	None	enhanced_cascade_cv(banglabert->enhanced_banglabert)
28237	Individual	enhanced_cascade_cv(banglabert->enhanced_banglabert)
448410	None	enhanced_cascade_cv(banglabert->enhanced_banglabert)
392869	Organization	enhanced_cascade_cv(banglabert->enhanced_banglabert)
427357	Individual	enhanced_cascade_cv(banglabert->enhanced_banglabert)
803479	Society	enhanced_cascade_cv(banglabert->enhanced_banglabert)
758098	Community	enhanced_cascade_cv(banglabert->enhanced_banglabert)
120841	Organization	enhanced_cascade_cv(banglabert->enhanced_banglabert)
801244	None	enhanced_cascade_cv(banglabert->enhanced_banglabert)
925289	Organization	enhanced_cascade_cv(banglabert->enhanced_banglabert)
777026	Individual	enhanced_cascade_cv(banglabert->enhanced_banglabert)
7401	None	enhanced_cascade_cv(banglabert->enhanced_banglabert)
766209	Society	enhanced_cascade_cv(banglabert->enhanced_banglabert)
146616	None	enhanced_cascade_cv(banglabert->enhanced_banglabert)
449920	Community	enhanced_cascade_cv(banglabert->enhanced_banglabert)
395149	Society	enhanced_cascade_cv(banglabert->enhanced_banglabert)
783461	None	enhanced_cascade_cv(banglabert->enhanced_banglabert)
323363	None	enhanced_cascade_cv(banglabert->enhanced_banglabert)
857583	None	enhanced_cascade_cv(banglabert->enhanced_banglabert)
535131	None	enhanced_cascade_cv(banglabert->enhanced_banglabert)
449455	None	enhanced_cascade_cv(banglabert->enhanced_banglabert)
530188	None	enhanced_cascade_cv(banglabert->enhanced_banglabert)
841983	Community	enhanced_cascade_cv(banglabert->enhanced_banglabert)
863107	None	enhanced_cascade_cv(banglabert->enhanced_banglabert)
441302	None	enhanced_cascade_cv(banglabert->enhanced_banglabert)
398777	None	enhanced_cascade_cv(banglabert->enhanced_banglabert)
756172	None	enhanced_cascade_cv(banglabert->enhanced_banglabert)
706050	None	enhanced_cascade_cv(banglabert->enhanced_banglabert)
514434	None	enhanced_cascade_cv(banglabert->enhanced_banglabert)
513361	None	enhanced_cascade_cv(banglabert->enhanced_banglabert)
516223	Organization	enhanced_cascade_cv(banglabert->enhanced_banglabert)
31791	None	enhanced_cascade_cv(banglabert->enhanced_banglabert)
143438	None	enhanced_cascade_cv(banglabert->enhanced_banglabert)
799188	None	enhanced_cascade_cv(banglabert->enhanced_banglabert)
336449	None	enhanced_cascade_cv(banglabert->enhanced_banglabert)
767986	Society	enhanced_cascade_cv(banglabert->enhanced_banglabert)
694508	None	enhanced_cascade_cv(banglabert->enhanced_banglabert)
186493	None	enhanced_cascade_cv(banglabert->enhanced_banglabert)
104882	Individual	enhanced_cascade_cv(banglabert->enhanced_banglabert)
280325	None	enhanced_cascade_cv(banglabert->enhanced_banglabert)
366514	Society	enhanced_cascade_cv(banglabert->enhanced_banglabert)
566626	None	enhanced_cascade_cv(banglabert->enhanced_banglabert)
274439	Individual	enhanced_cascade_cv(banglabert->enhanced_banglabert)
775968	None	enhanced_cascade_cv(banglabert->enhanced_banglabert)
665640	None	enhanced_cascade_cv(banglabert->enhanced_banglabert)
922707	None	enhanced_cascade_cv(banglabert->enhanced_banglabert)
131971	None	enhanced_cascade_cv(banglabert->enhanced_banglabert)
467462	None	enhanced_cascade_cv(banglabert->enhanced_banglabert)
392346	Individual	enhanced_cascade_cv(banglabert->enhanced_banglabert)
14129	None	enhanced_cascade_cv(banglabert->enhanced_banglabert)
727009	Individual	enhanced_cascade_cv(banglabert->enhanced_banglabert)
202951	Community	enhanced_cascade_cv(banglabert->enhanced_banglabert)
511558	None	enhanced_cascade_cv(banglabert->enhanced_banglabert)
396493	None	enhanced_cascade_cv(banglabert->enhanced_banglabert)
675473	None	enhanced_cascade_cv(banglabert->enhanced_banglabert)
487864	None	enhanced_cascade_cv(banglabert->enhanced_banglabert)
345179	None	enhanced_cascade_cv(banglabert->enhanced_banglabert)
714384	None	enhanced_cascade_cv(banglabert->enhanced_banglabert)
378869	Community	enhanced_cascade_cv(banglabert->enhanced_banglabert)
91557	Organization	enhanced_cascade_cv(banglabert->enhanced_banglabert)
401006	None	enhanced_cascade_cv(banglabert->enhanced_banglabert)
426265	Organization	enhanced_cascade_cv(banglabert->enhanced_banglabert)
623520	None	enhanced_cascade_cv(banglabert->enhanced_banglabert)
589727	None	enhanced_cascade_cv(banglabert->enhanced_banglabert)
923659	None	enhanced_cascade_cv(banglabert->enhanced_banglabert)
160999	None	enhanced_cascade_cv(banglabert->enhanced_banglabert)
740411	None	enhanced_cascade_cv(banglabert->enhanced_banglabert)
43188	Organization	enhanced_cascade_cv(banglabert->enhanced_banglabert)
556371	Individual	enhanced_cascade_cv(banglabert->enhanced_banglabert)
498484	None	enhanced_cascade_cv(banglabert->enhanced_banglabert)
756549	None	enhanced_cascade_cv(banglabert->enhanced_banglabert)
58026	None	enhanced_cascade_cv(banglabert->enhanced_banglabert)
65446	None	enhanced_cascade_cv(banglabert->enhanced_banglabert)
874914	None	enhanced_cascade_cv(banglabert->enhanced_banglabert)
19597	None	enhanced_cascade_cv(banglabert->enhanced_banglabert)
815102	Individual	enhanced_cascade_cv(banglabert->enhanced_banglabert)
201654	None	enhanced_cascade_cv(banglabert->enhanced_banglabert)
853021	Individual	enhanced_cascade_cv(banglabert->enhanced_banglabert)
42693	None	enhanced_cascade_cv(banglabert->enhanced_banglabert)
902699	None	enhanced_cascade_cv(banglabert->enhanced_banglabert)
163301	None	enhanced_cascade_cv(banglabert->enhanced_banglabert)
768898	Individual	enhanced_cascade_cv(banglabert->enhanced_banglabert)
708467	None	enhanced_cascade_cv(banglabert->enhanced_banglabert)
892940	Individual	enhanced_cascade_cv(banglabert->enhanced_banglabert)
412303	None	enhanced_cascade_cv(banglabert->enhanced_banglabert)
627277	Society	enhanced_cascade_cv(banglabert->enhanced_banglabert)
614654	None	enhanced_cascade_cv(banglabert->enhanced_banglabert)
606146	Organization	enhanced_cascade_cv(banglabert->enhanced_banglabert)
909768	Community	enhanced_cascade_cv(banglabert->enhanced_banglabert)
886619	None	enhanced_cascade_cv(banglabert->enhanced_banglabert)
600015	None	enhanced_cascade_cv(banglabert->enhanced_banglabert)
828619	None	enhanced_cascade_cv(banglabert->enhanced_banglabert)
389728	None	enhanced_cascade_cv(banglabert->enhanced_banglabert)
330316	None	enhanced_cascade_cv(banglabert->enhanced_banglabert)
721390	None	enhanced_cascade_cv(banglabert->enhanced_banglabert)
904984	None	enhanced_cascade_cv(banglabert->enhanced_banglabert)
493861	None	enhanced_cascade_cv(banglabert->enhanced_banglabert)
301713	Individual	enhanced_cascade_cv(banglabert->enhanced_banglabert)
528654	None	enhanced_cascade_cv(banglabert->enhanced_banglabert)
341189	Individual	enhanced_cascade_cv(banglabert->enhanced_banglabert)
491121	None	enhanced_cascade_cv(banglabert->enhanced_banglabert)
607638	None	enhanced_cascade_cv(banglabert->enhanced_banglabert)
832986	None	enhanced_cascade_cv(banglabert->enhanced_banglabert)
194409	Individual	enhanced_cascade_cv(banglabert->enhanced_banglabert)
568775	None	enhanced_cascade_cv(banglabert->enhanced_banglabert)
6248	None	enhanced_cascade_cv(banglabert->enhanced_banglabert)
283521	None	enhanced_cascade_cv(banglabert->enhanced_banglabert)
422748	Society	enhanced_cascade_cv(banglabert->enhanced_banglabert)
315603	None	enhanced_cascade_cv(banglabert->enhanced_banglabert)
335993	None	enhanced_cascade_cv(banglabert->enhanced_banglabert)
133932	None	enhanced_cascade_cv(banglabert->enhanced_banglabert)
322271	None	enhanced_cascade_cv(banglabert->enhanced_banglabert)
632849	None	enhanced_cascade_cv(banglabert->enhanced_banglabert)
613926	Organization	enhanced_cascade_cv(banglabert->enhanced_banglabert)
552957	Organization	enhanced_cascade_cv(banglabert->enhanced_banglabert)
529141	None	enhanced_cascade_cv(banglabert->enhanced_banglabert)
280267	Community	enhanced_cascade_cv(banglabert->enhanced_banglabert)
879941	None	enhanced_cascade_cv(banglabert->enhanced_banglabert)
30896	Society	enhanced_cascade_cv(banglabert->enhanced_banglabert)
179405	None	enhanced_cascade_cv(banglabert->enhanced_banglabert)
520864	None	enhanced_cascade_cv(banglabert->enhanced_banglabert)
790343	None	enhanced_cascade_cv(banglabert->enhanced_banglabert)
48959	None	enhanced_cascade_cv(banglabert->enhanced_banglabert)
927620	None	enhanced_cascade_cv(banglabert->enhanced_banglabert)
294304	Community	enhanced_cascade_cv(banglabert->enhanced_banglabert)
794785	None	enhanced_cascade_cv(banglabert->enhanced_banglabert)
182211	Individual	enhanced_cascade_cv(banglabert->enhanced_banglabert)
659035	None	enhanced_cascade_cv(banglabert->enhanced_banglabert)
538939	None	enhanced_cascade_cv(banglabert->enhanced_banglabert)
189018	None	enhanced_cascade_cv(banglabert->enhanced_banglabert)
192575	None	enhanced_cascade_cv(banglabert->enhanced_banglabert)
147960	None	enhanced_cascade_cv(banglabert->enhanced_banglabert)
159833	None	enhanced_cascade_cv(banglabert->enhanced_banglabert)
753935	None	enhanced_cascade_cv(banglabert->enhanced_banglabert)
338203	Organization	enhanced_cascade_cv(banglabert->enhanced_banglabert)
704431	None	enhanced_cascade_cv(banglabert->enhanced_banglabert)
573950	Individual	enhanced_cascade_cv(banglabert->enhanced_banglabert)
901051	None	enhanced_cascade_cv(banglabert->enhanced_banglabert)
350592	None	enhanced_cascade_cv(banglabert->enhanced_banglabert)
446695	None	enhanced_cascade_cv(banglabert->enhanced_banglabert)
89903	Community	enhanced_cascade_cv(banglabert->enhanced_banglabert)
115101	None	enhanced_cascade_cv(banglabert->enhanced_banglabert)
541037	None	enhanced_cascade_cv(banglabert->enhanced_banglabert)
209330	None	enhanced_cascade_cv(banglabert->enhanced_banglabert)
500953	None	enhanced_cascade_cv(banglabert->enhanced_banglabert)
683778	None	enhanced_cascade_cv(banglabert->enhanced_banglabert)
758063	Community	enhanced_cascade_cv(banglabert->enhanced_banglabert)
790595	None	enhanced_cascade_cv(banglabert->enhanced_banglabert)
214354	Organization	enhanced_cascade_cv(banglabert->enhanced_banglabert)
660129	None	enhanced_cascade_cv(banglabert->enhanced_banglabert)
791895	None	enhanced_cascade_cv(banglabert->enhanced_banglabert)
804514	Community	enhanced_cascade_cv(banglabert->enhanced_banglabert)
291269	None	enhanced_cascade_cv(banglabert->enhanced_banglabert)
213508	None	enhanced_cascade_cv(banglabert->enhanced_banglabert)
355146	Organization	enhanced_cascade_cv(banglabert->enhanced_banglabert)
159040	None	enhanced_cascade_cv(banglabert->enhanced_banglabert)
859308	Organization	enhanced_cascade_cv(banglabert->enhanced_banglabert)
407731	None	enhanced_cascade_cv(banglabert->enhanced_banglabert)
282452	Individual	enhanced_cascade_cv(banglabert->enhanced_banglabert)
937710	None	enhanced_cascade_cv(banglabert->enhanced_banglabert)
552667	Individual	enhanced_cascade_cv(banglabert->enhanced_banglabert)
858733	None	enhanced_cascade_cv(banglabert->enhanced_banglabert)
839133	None	enhanced_cascade_cv(banglabert->enhanced_banglabert)
90708	None	enhanced_cascade_cv(banglabert->enhanced_banglabert)
637975	None	enhanced_cascade_cv(banglabert->enhanced_banglabert)
853112	Community	enhanced_cascade_cv(banglabert->enhanced_banglabert)
467659	None	enhanced_cascade_cv(banglabert->enhanced_banglabert)
310871	None	enhanced_cascade_cv(banglabert->enhanced_banglabert)
40628	None	enhanced_cascade_cv(banglabert->enhanced_banglabert)
752747	None	enhanced_cascade_cv(banglabert->enhanced_banglabert)
71170	Community	enhanced_cascade_cv(banglabert->enhanced_banglabert)
627017	None	enhanced_cascade_cv(banglabert->enhanced_banglabert)
123474	None	enhanced_cascade_cv(banglabert->enhanced_banglabert)
351319	None	enhanced_cascade_cv(banglabert->enhanced_banglabert)
286351	Individual	enhanced_cascade_cv(banglabert->enhanced_banglabert)
171984	None	enhanced_cascade_cv(banglabert->enhanced_banglabert)
635198	None	enhanced_cascade_cv(banglabert->enhanced_banglabert)
377481	None	enhanced_cascade_cv(banglabert->enhanced_banglabert)
632798	Organization	enhanced_cascade_cv(banglabert->enhanced_banglabert)
444305	None	enhanced_cascade_cv(banglabert->enhanced_banglabert)
484705	Community	enhanced_cascade_cv(banglabert->enhanced_banglabert)
435790	Community	enhanced_cascade_cv(banglabert->enhanced_banglabert)
239325	Individual	enhanced_cascade_cv(banglabert->enhanced_banglabert)
926891	Community	enhanced_cascade_cv(banglabert->enhanced_banglabert)
339484	None	enhanced_cascade_cv(banglabert->enhanced_banglabert)
768466	Individual	enhanced_cascade_cv(banglabert->enhanced_banglabert)
113393	Individual	enhanced_cascade_cv(banglabert->enhanced_banglabert)
341264	Individual	enhanced_cascade_cv(banglabert->enhanced_banglabert)
782996	Organization	enhanced_cascade_cv(banglabert->enhanced_banglabert)
521003	Community	enhanced_cascade_cv(banglabert->enhanced_banglabert)
939102	None	enhanced_cascade_cv(banglabert->enhanced_banglabert)
735297	None	enhanced_cascade_cv(banglabert->enhanced_banglabert)
520870	None	enhanced_cascade_cv(banglabert->enhanced_banglabert)
273146	Individual	enhanced_cascade_cv(banglabert->enhanced_banglabert)
202375	None	enhanced_cascade_cv(banglabert->enhanced_banglabert)
661758	None	enhanced_cascade_cv(banglabert->enhanced_banglabert)
85976	None	enhanced_cascade_cv(banglabert->enhanced_banglabert)
382500	None	enhanced_cascade_cv(banglabert->enhanced_banglabert)
313962	None	enhanced_cascade_cv(banglabert->enhanced_banglabert)
236844	None	enhanced_cascade_cv(banglabert->enhanced_banglabert)
75753	Community	enhanced_cascade_cv(banglabert->enhanced_banglabert)
114590	None	enhanced_cascade_cv(banglabert->enhanced_banglabert)
638031	None	enhanced_cascade_cv(banglabert->enhanced_banglabert)
221877	Organization	enhanced_cascade_cv(banglabert->enhanced_banglabert)
604651	None	enhanced_cascade_cv(banglabert->enhanced_banglabert)
878671	None	enhanced_cascade_cv(banglabert->enhanced_banglabert)
495334	Individual	enhanced_cascade_cv(banglabert->enhanced_banglabert)
811282	None	enhanced_cascade_cv(banglabert->enhanced_banglabert)
259819	None	enhanced_cascade_cv(banglabert->enhanced_banglabert)
670825	Individual	enhanced_cascade_cv(banglabert->enhanced_banglabert)
641722	Individual	enhanced_cascade_cv(banglabert->enhanced_banglabert)
935988	None	enhanced_cascade_cv(banglabert->enhanced_banglabert)
925559	None	enhanced_cascade_cv(banglabert->enhanced_banglabert)
882102	None	enhanced_cascade_cv(banglabert->enhanced_banglabert)
669815	Community	enhanced_cascade_cv(banglabert->enhanced_banglabert)
862726	None	enhanced_cascade_cv(banglabert->enhanced_banglabert)
202020	Individual	enhanced_cascade_cv(banglabert->enhanced_banglabert)
18287	None	enhanced_cascade_cv(banglabert->enhanced_banglabert)
533374	Organization	enhanced_cascade_cv(banglabert->enhanced_banglabert)
697794	Community	enhanced_cascade_cv(banglabert->enhanced_banglabert)
87756	Organization	enhanced_cascade_cv(banglabert->enhanced_banglabert)
893669	Individual	enhanced_cascade_cv(banglabert->enhanced_banglabert)
444849	Society	enhanced_cascade_cv(banglabert->enhanced_banglabert)
844583	Individual	enhanced_cascade_cv(banglabert->enhanced_banglabert)
855222	None	enhanced_cascade_cv(banglabert->enhanced_banglabert)
293344	None	enhanced_cascade_cv(banglabert->enhanced_banglabert)
867935	Individual	enhanced_cascade_cv(banglabert->enhanced_banglabert)
422555	None	enhanced_cascade_cv(banglabert->enhanced_banglabert)
648270	None	enhanced_cascade_cv(banglabert->enhanced_banglabert)
35775	None	enhanced_cascade_cv(banglabert->enhanced_banglabert)
158778	None	enhanced_cascade_cv(banglabert->enhanced_banglabert)
729319	None	enhanced_cascade_cv(banglabert->enhanced_banglabert)
861447	None	enhanced_cascade_cv(banglabert->enhanced_banglabert)
7513	None	enhanced_cascade_cv(banglabert->enhanced_banglabert)
743646	None	enhanced_cascade_cv(banglabert->enhanced_banglabert)
679486	None	enhanced_cascade_cv(banglabert->enhanced_banglabert)
173289	None	enhanced_cascade_cv(banglabert->enhanced_banglabert)
549862	Individual	enhanced_cascade_cv(banglabert->enhanced_banglabert)
223872	None	enhanced_cascade_cv(banglabert->enhanced_banglabert)
614643	None	enhanced_cascade_cv(banglabert->enhanced_banglabert)
741749	None	enhanced_cascade_cv(banglabert->enhanced_banglabert)
253036	Organization	enhanced_cascade_cv(banglabert->enhanced_banglabert)
656462	Community	enhanced_cascade_cv(banglabert->enhanced_banglabert)
702468	None	enhanced_cascade_cv(banglabert->enhanced_banglabert)
894938	None	enhanced_cascade_cv(banglabert->enhanced_banglabert)
129604	Individual	enhanced_cascade_cv(banglabert->enhanced_banglabert)
343002	None	enhanced_cascade_cv(banglabert->enhanced_banglabert)
882520	Individual	enhanced_cascade_cv(banglabert->enhanced_banglabert)
184251	Organization	enhanced_cascade_cv(banglabert->enhanced_banglabert)
17368	None	enhanced_cascade_cv(banglabert->enhanced_banglabert)
527115	Society	enhanced_cascade_cv(banglabert->enhanced_banglabert)
353516	None	enhanced_cascade_cv(banglabert->enhanced_banglabert)
82655	None	enhanced_cascade_cv(banglabert->enhanced_banglabert)
934168	None	enhanced_cascade_cv(banglabert->enhanced_banglabert)
471572	None	enhanced_cascade_cv(banglabert->enhanced_banglabert)
498919	None	enhanced_cascade_cv(banglabert->enhanced_banglabert)
460423	None	enhanced_cascade_cv(banglabert->enhanced_banglabert)
669535	None	enhanced_cascade_cv(banglabert->enhanced_banglabert)
10131	None	enhanced_cascade_cv(banglabert->enhanced_banglabert)
402050	None	enhanced_cascade_cv(banglabert->enhanced_banglabert)
295436	Community	enhanced_cascade_cv(banglabert->enhanced_banglabert)
105937	None	enhanced_cascade_cv(banglabert->enhanced_banglabert)
100261	Individual	enhanced_cascade_cv(banglabert->enhanced_banglabert)
186855	None	enhanced_cascade_cv(banglabert->enhanced_banglabert)
224878	Organization	enhanced_cascade_cv(banglabert->enhanced_banglabert)
166022	None	enhanced_cascade_cv(banglabert->enhanced_banglabert)
676170	None	enhanced_cascade_cv(banglabert->enhanced_banglabert)
513806	None	enhanced_cascade_cv(banglabert->enhanced_banglabert)
867603	None	enhanced_cascade_cv(banglabert->enhanced_banglabert)
936619	None	enhanced_cascade_cv(banglabert->enhanced_banglabert)
846248	Community	enhanced_cascade_cv(banglabert->enhanced_banglabert)
667270	None	enhanced_cascade_cv(banglabert->enhanced_banglabert)
920288	Community	enhanced_cascade_cv(banglabert->enhanced_banglabert)
801728	Society	enhanced_cascade_cv(banglabert->enhanced_banglabert)
439396	None	enhanced_cascade_cv(banglabert->enhanced_banglabert)
263050	None	enhanced_cascade_cv(banglabert->enhanced_banglabert)
736319	None	enhanced_cascade_cv(banglabert->enhanced_banglabert)
625937	None	enhanced_cascade_cv(banglabert->enhanced_banglabert)
397371	Society	enhanced_cascade_cv(banglabert->enhanced_banglabert)
814340	None	enhanced_cascade_cv(banglabert->enhanced_banglabert)
183236	None	enhanced_cascade_cv(banglabert->enhanced_banglabert)
445797	None	enhanced_cascade_cv(banglabert->enhanced_banglabert)
196447	Organization	enhanced_cascade_cv(banglabert->enhanced_banglabert)
733692	None	enhanced_cascade_cv(banglabert->enhanced_banglabert)
65619	None	enhanced_cascade_cv(banglabert->enhanced_banglabert)
251005	Community	enhanced_cascade_cv(banglabert->enhanced_banglabert)
166303	Organization	enhanced_cascade_cv(banglabert->enhanced_banglabert)
655944	None	enhanced_cascade_cv(banglabert->enhanced_banglabert)
304580	Individual	enhanced_cascade_cv(banglabert->enhanced_banglabert)
374398	None	enhanced_cascade_cv(banglabert->enhanced_banglabert)
563387	None	enhanced_cascade_cv(banglabert->enhanced_banglabert)
892900	None	enhanced_cascade_cv(banglabert->enhanced_banglabert)
772935	Individual	enhanced_cascade_cv(banglabert->enhanced_banglabert)
140849	None	enhanced_cascade_cv(banglabert->enhanced_banglabert)
112914	None	enhanced_cascade_cv(banglabert->enhanced_banglabert)
419410	Organization	enhanced_cascade_cv(banglabert->enhanced_banglabert)
194764	Society	enhanced_cascade_cv(banglabert->enhanced_banglabert)
177216	None	enhanced_cascade_cv(banglabert->enhanced_banglabert)
480343	Organization	enhanced_cascade_cv(banglabert->enhanced_banglabert)
588331	None	enhanced_cascade_cv(banglabert->enhanced_banglabert)
499835	Individual	enhanced_cascade_cv(banglabert->enhanced_banglabert)
567747	Organization	enhanced_cascade_cv(banglabert->enhanced_banglabert)
179610	None	enhanced_cascade_cv(banglabert->enhanced_banglabert)
808026	None	enhanced_cascade_cv(banglabert->enhanced_banglabert)
139747	Individual	enhanced_cascade_cv(banglabert->enhanced_banglabert)
57120	Organization	enhanced_cascade_cv(banglabert->enhanced_banglabert)
270287	Individual	enhanced_cascade_cv(banglabert->enhanced_banglabert)
349353	Organization	enhanced_cascade_cv(banglabert->enhanced_banglabert)
432855	None	enhanced_cascade_cv(banglabert->enhanced_banglabert)
610525	Organization	enhanced_cascade_cv(banglabert->enhanced_banglabert)
751364	None	enhanced_cascade_cv(banglabert->enhanced_banglabert)
561725	None	enhanced_cascade_cv(banglabert->enhanced_banglabert)
318120	None	enhanced_cascade_cv(banglabert->enhanced_banglabert)
421944	Organization	enhanced_cascade_cv(banglabert->enhanced_banglabert)
495294	None	enhanced_cascade_cv(banglabert->enhanced_banglabert)
910164	None	enhanced_cascade_cv(banglabert->enhanced_banglabert)
191200	Organization	enhanced_cascade_cv(banglabert->enhanced_banglabert)
594094	None	enhanced_cascade_cv(banglabert->enhanced_banglabert)
6091	Community	enhanced_cascade_cv(banglabert->enhanced_banglabert)
726212	Organization	enhanced_cascade_cv(banglabert->enhanced_banglabert)
288385	Organization	enhanced_cascade_cv(banglabert->enhanced_banglabert)
835866	None	enhanced_cascade_cv(banglabert->enhanced_banglabert)
547370	None	enhanced_cascade_cv(banglabert->enhanced_banglabert)
835225	Organization	enhanced_cascade_cv(banglabert->enhanced_banglabert)
463349	None	enhanced_cascade_cv(banglabert->enhanced_banglabert)
869747	None	enhanced_cascade_cv(banglabert->enhanced_banglabert)
764292	None	enhanced_cascade_cv(banglabert->enhanced_banglabert)
645588	Community	enhanced_cascade_cv(banglabert->enhanced_banglabert)
277654	None	enhanced_cascade_cv(banglabert->enhanced_banglabert)
250952	None	enhanced_cascade_cv(banglabert->enhanced_banglabert)
120720	None	enhanced_cascade_cv(banglabert->enhanced_banglabert)
806214	None	enhanced_cascade_cv(banglabert->enhanced_banglabert)
82152	Organization	enhanced_cascade_cv(banglabert->enhanced_banglabert)
710383	None	enhanced_cascade_cv(banglabert->enhanced_banglabert)
550788	Community	enhanced_cascade_cv(banglabert->enhanced_banglabert)
824315	None	enhanced_cascade_cv(banglabert->enhanced_banglabert)
556829	Individual	enhanced_cascade_cv(banglabert->enhanced_banglabert)
926619	None	enhanced_cascade_cv(banglabert->enhanced_banglabert)
708007	None	enhanced_cascade_cv(banglabert->enhanced_banglabert)
87652	Organization	enhanced_cascade_cv(banglabert->enhanced_banglabert)
262145	None	enhanced_cascade_cv(banglabert->enhanced_banglabert)
314775	None	enhanced_cascade_cv(banglabert->enhanced_banglabert)
232240	None	enhanced_cascade_cv(banglabert->enhanced_banglabert)
132119	Individual	enhanced_cascade_cv(banglabert->enhanced_banglabert)
47848	None	enhanced_cascade_cv(banglabert->enhanced_banglabert)
568660	None	enhanced_cascade_cv(banglabert->enhanced_banglabert)
499294	Organization	enhanced_cascade_cv(banglabert->enhanced_banglabert)
920633	None	enhanced_cascade_cv(banglabert->enhanced_banglabert)
687641	None	enhanced_cascade_cv(banglabert->enhanced_banglabert)
729470	None	enhanced_cascade_cv(banglabert->enhanced_banglabert)
403998	None	enhanced_cascade_cv(banglabert->enhanced_banglabert)
210170	None	enhanced_cascade_cv(banglabert->enhanced_banglabert)
249628	Community	enhanced_cascade_cv(banglabert->enhanced_banglabert)
39307	Individual	enhanced_cascade_cv(banglabert->enhanced_banglabert)
199566	None	enhanced_cascade_cv(banglabert->enhanced_banglabert)
461737	Organization	enhanced_cascade_cv(banglabert->enhanced_banglabert)
319045	Individual	enhanced_cascade_cv(banglabert->enhanced_banglabert)
314468	None	enhanced_cascade_cv(banglabert->enhanced_banglabert)
416780	None	enhanced_cascade_cv(banglabert->enhanced_banglabert)
83140	None	enhanced_cascade_cv(banglabert->enhanced_banglabert)
715328	Individual	enhanced_cascade_cv(banglabert->enhanced_banglabert)
927299	None	enhanced_cascade_cv(banglabert->enhanced_banglabert)
25441	None	enhanced_cascade_cv(banglabert->enhanced_banglabert)
117802	Individual	enhanced_cascade_cv(banglabert->enhanced_banglabert)
203342	None	enhanced_cascade_cv(banglabert->enhanced_banglabert)
62978	Individual	enhanced_cascade_cv(banglabert->enhanced_banglabert)
192623	None	enhanced_cascade_cv(banglabert->enhanced_banglabert)
403512	Community	enhanced_cascade_cv(banglabert->enhanced_banglabert)
270648	None	enhanced_cascade_cv(banglabert->enhanced_banglabert)
522157	None	enhanced_cascade_cv(banglabert->enhanced_banglabert)
345473	None	enhanced_cascade_cv(banglabert->enhanced_banglabert)
910734	None	enhanced_cascade_cv(banglabert->enhanced_banglabert)
286649	None	enhanced_cascade_cv(banglabert->enhanced_banglabert)
539735	None	enhanced_cascade_cv(banglabert->enhanced_banglabert)
406625	None	enhanced_cascade_cv(banglabert->enhanced_banglabert)
598894	None	enhanced_cascade_cv(banglabert->enhanced_banglabert)
270311	None	enhanced_cascade_cv(banglabert->enhanced_banglabert)
290552	None	enhanced_cascade_cv(banglabert->enhanced_banglabert)
460810	None	enhanced_cascade_cv(banglabert->enhanced_banglabert)
210125	None	enhanced_cascade_cv(banglabert->enhanced_banglabert)
824538	None	enhanced_cascade_cv(banglabert->enhanced_banglabert)
185190	Individual	enhanced_cascade_cv(banglabert->enhanced_banglabert)
431650	None	enhanced_cascade_cv(banglabert->enhanced_banglabert)
690480	None	enhanced_cascade_cv(banglabert->enhanced_banglabert)
790012	Community	enhanced_cascade_cv(banglabert->enhanced_banglabert)
172975	None	enhanced_cascade_cv(banglabert->enhanced_banglabert)
474139	Community	enhanced_cascade_cv(banglabert->enhanced_banglabert)
409191	Organization	enhanced_cascade_cv(banglabert->enhanced_banglabert)
930064	None	enhanced_cascade_cv(banglabert->enhanced_banglabert)
490432	None	enhanced_cascade_cv(banglabert->enhanced_banglabert)
352315	None	enhanced_cascade_cv(banglabert->enhanced_banglabert)
18205	Society	enhanced_cascade_cv(banglabert->enhanced_banglabert)
637056	Individual	enhanced_cascade_cv(banglabert->enhanced_banglabert)
882800	None	enhanced_cascade_cv(banglabert->enhanced_banglabert)
828360	Individual	enhanced_cascade_cv(banglabert->enhanced_banglabert)
4129	None	enhanced_cascade_cv(banglabert->enhanced_banglabert)
165298	Individual	enhanced_cascade_cv(banglabert->enhanced_banglabert)
43142	Community	enhanced_cascade_cv(banglabert->enhanced_banglabert)
223608	Individual	enhanced_cascade_cv(banglabert->enhanced_banglabert)
79676	Individual	enhanced_cascade_cv(banglabert->enhanced_banglabert)
377105	Community	enhanced_cascade_cv(banglabert->enhanced_banglabert)
737968	None	enhanced_cascade_cv(banglabert->enhanced_banglabert)
188871	None	enhanced_cascade_cv(banglabert->enhanced_banglabert)
297292	None	enhanced_cascade_cv(banglabert->enhanced_banglabert)
930376	None	enhanced_cascade_cv(banglabert->enhanced_banglabert)
629315	None	enhanced_cascade_cv(banglabert->enhanced_banglabert)
337602	None	enhanced_cascade_cv(banglabert->enhanced_banglabert)
288024	Organization	enhanced_cascade_cv(banglabert->enhanced_banglabert)
505255	None	enhanced_cascade_cv(banglabert->enhanced_banglabert)
421234	None	enhanced_cascade_cv(banglabert->enhanced_banglabert)
663718	None	enhanced_cascade_cv(banglabert->enhanced_banglabert)
821804	None	enhanced_cascade_cv(banglabert->enhanced_banglabert)
97507	Individual	enhanced_cascade_cv(banglabert->enhanced_banglabert)
490807	Individual	enhanced_cascade_cv(banglabert->enhanced_banglabert)
48913	Organization	enhanced_cascade_cv(banglabert->enhanced_banglabert)
263139	None	enhanced_cascade_cv(banglabert->enhanced_banglabert)
60543	Individual	enhanced_cascade_cv(banglabert->enhanced_banglabert)
648048	None	enhanced_cascade_cv(banglabert->enhanced_banglabert)
270315	None	enhanced_cascade_cv(banglabert->enhanced_banglabert)
709849	None	enhanced_cascade_cv(banglabert->enhanced_banglabert)
929932	None	enhanced_cascade_cv(banglabert->enhanced_banglabert)
539899	Individual	enhanced_cascade_cv(banglabert->enhanced_banglabert)
588686	Community	enhanced_cascade_cv(banglabert->enhanced_banglabert)
622240	Community	enhanced_cascade_cv(banglabert->enhanced_banglabert)
35113	Community	enhanced_cascade_cv(banglabert->enhanced_banglabert)
106138	None	enhanced_cascade_cv(banglabert->enhanced_banglabert)
789301	None	enhanced_cascade_cv(banglabert->enhanced_banglabert)
576852	None	enhanced_cascade_cv(banglabert->enhanced_banglabert)
436169	Society	enhanced_cascade_cv(banglabert->enhanced_banglabert)
798038	Society	enhanced_cascade_cv(banglabert->enhanced_banglabert)
688437	None	enhanced_cascade_cv(banglabert->enhanced_banglabert)
936051	None	enhanced_cascade_cv(banglabert->enhanced_banglabert)
505577	Organization	enhanced_cascade_cv(banglabert->enhanced_banglabert)
367181	None	enhanced_cascade_cv(banglabert->enhanced_banglabert)
297917	Individual	enhanced_cascade_cv(banglabert->enhanced_banglabert)
487718	Organization	enhanced_cascade_cv(banglabert->enhanced_banglabert)
339435	None	enhanced_cascade_cv(banglabert->enhanced_banglabert)
321159	Individual	enhanced_cascade_cv(banglabert->enhanced_banglabert)
268880	None	enhanced_cascade_cv(banglabert->enhanced_banglabert)
52505	Individual	enhanced_cascade_cv(banglabert->enhanced_banglabert)
799900	None	enhanced_cascade_cv(banglabert->enhanced_banglabert)
382848	Community	enhanced_cascade_cv(banglabert->enhanced_banglabert)
330086	None	enhanced_cascade_cv(banglabert->enhanced_banglabert)
61908	Individual	enhanced_cascade_cv(banglabert->enhanced_banglabert)
38787	None	enhanced_cascade_cv(banglabert->enhanced_banglabert)
590088	Individual	enhanced_cascade_cv(banglabert->enhanced_banglabert)
151927	None	enhanced_cascade_cv(banglabert->enhanced_banglabert)
896970	Community	enhanced_cascade_cv(banglabert->enhanced_banglabert)
288260	None	enhanced_cascade_cv(banglabert->enhanced_banglabert)
785839	None	enhanced_cascade_cv(banglabert->enhanced_banglabert)
497917	None	enhanced_cascade_cv(banglabert->enhanced_banglabert)
110551	Organization	enhanced_cascade_cv(banglabert->enhanced_banglabert)
637427	None	enhanced_cascade_cv(banglabert->enhanced_banglabert)
597567	None	enhanced_cascade_cv(banglabert->enhanced_banglabert)
572564	None	enhanced_cascade_cv(banglabert->enhanced_banglabert)
156940	Society	enhanced_cascade_cv(banglabert->enhanced_banglabert)
913004	None	enhanced_cascade_cv(banglabert->enhanced_banglabert)
272797	None	enhanced_cascade_cv(banglabert->enhanced_banglabert)
527350	Individual	enhanced_cascade_cv(banglabert->enhanced_banglabert)
209058	Organization	enhanced_cascade_cv(banglabert->enhanced_banglabert)
902679	Individual	enhanced_cascade_cv(banglabert->enhanced_banglabert)
648411	Organization	enhanced_cascade_cv(banglabert->enhanced_banglabert)
723765	None	enhanced_cascade_cv(banglabert->enhanced_banglabert)
634606	None	enhanced_cascade_cv(banglabert->enhanced_banglabert)
358410	None	enhanced_cascade_cv(banglabert->enhanced_banglabert)
550490	None	enhanced_cascade_cv(banglabert->enhanced_banglabert)
734157	None	enhanced_cascade_cv(banglabert->enhanced_banglabert)
282695	None	enhanced_cascade_cv(banglabert->enhanced_banglabert)
8059	Society	enhanced_cascade_cv(banglabert->enhanced_banglabert)
161918	None	enhanced_cascade_cv(banglabert->enhanced_banglabert)
873513	Individual	enhanced_cascade_cv(banglabert->enhanced_banglabert)
801876	Society	enhanced_cascade_cv(banglabert->enhanced_banglabert)
525471	None	enhanced_cascade_cv(banglabert->enhanced_banglabert)
50717	None	enhanced_cascade_cv(banglabert->enhanced_banglabert)
229037	Organization	enhanced_cascade_cv(banglabert->enhanced_banglabert)
70407	Individual	enhanced_cascade_cv(banglabert->enhanced_banglabert)
46845	None	enhanced_cascade_cv(banglabert->enhanced_banglabert)
11644	None	enhanced_cascade_cv(banglabert->enhanced_banglabert)
173886	None	enhanced_cascade_cv(banglabert->enhanced_banglabert)
827748	Society	enhanced_cascade_cv(banglabert->enhanced_banglabert)
98878	None	enhanced_cascade_cv(banglabert->enhanced_banglabert)
236475	Organization	enhanced_cascade_cv(banglabert->enhanced_banglabert)
929632	None	enhanced_cascade_cv(banglabert->enhanced_banglabert)
332759	Organization	enhanced_cascade_cv(banglabert->enhanced_banglabert)
641146	None	enhanced_cascade_cv(banglabert->enhanced_banglabert)
933324	None	enhanced_cascade_cv(banglabert->enhanced_banglabert)
648925	Community	enhanced_cascade_cv(banglabert->enhanced_banglabert)
532858	None	enhanced_cascade_cv(banglabert->enhanced_banglabert)
515966	None	enhanced_cascade_cv(banglabert->enhanced_banglabert)
139703	None	enhanced_cascade_cv(banglabert->enhanced_banglabert)
849046	None	enhanced_cascade_cv(banglabert->enhanced_banglabert)
685949	None	enhanced_cascade_cv(banglabert->enhanced_banglabert)
837859	Individual	enhanced_cascade_cv(banglabert->enhanced_banglabert)
882119	None	enhanced_cascade_cv(banglabert->enhanced_banglabert)
229861	Individual	enhanced_cascade_cv(banglabert->enhanced_banglabert)
865498	None	enhanced_cascade_cv(banglabert->enhanced_banglabert)
98916	None	enhanced_cascade_cv(banglabert->enhanced_banglabert)
934382	None	enhanced_cascade_cv(banglabert->enhanced_banglabert)
556378	Community	enhanced_cascade_cv(banglabert->enhanced_banglabert)
621158	None	enhanced_cascade_cv(banglabert->enhanced_banglabert)
50810	Individual	enhanced_cascade_cv(banglabert->enhanced_banglabert)
453336	None	enhanced_cascade_cv(banglabert->enhanced_banglabert)
416394	None	enhanced_cascade_cv(banglabert->enhanced_banglabert)
602333	None	enhanced_cascade_cv(banglabert->enhanced_banglabert)
561440	None	enhanced_cascade_cv(banglabert->enhanced_banglabert)
769224	Society	enhanced_cascade_cv(banglabert->enhanced_banglabert)
167355	Community	enhanced_cascade_cv(banglabert->enhanced_banglabert)
454609	None	enhanced_cascade_cv(banglabert->enhanced_banglabert)
455603	None	enhanced_cascade_cv(banglabert->enhanced_banglabert)
831001	None	enhanced_cascade_cv(banglabert->enhanced_banglabert)
537100	None	enhanced_cascade_cv(banglabert->enhanced_banglabert)
451891	None	enhanced_cascade_cv(banglabert->enhanced_banglabert)
156880	Community	enhanced_cascade_cv(banglabert->enhanced_banglabert)
536961	Individual	enhanced_cascade_cv(banglabert->enhanced_banglabert)
817894	None	enhanced_cascade_cv(banglabert->enhanced_banglabert)
44816	None	enhanced_cascade_cv(banglabert->enhanced_banglabert)
755301	Individual	enhanced_cascade_cv(banglabert->enhanced_banglabert)
827254	None	enhanced_cascade_cv(banglabert->enhanced_banglabert)
243668	Organization	enhanced_cascade_cv(banglabert->enhanced_banglabert)
786240	None	enhanced_cascade_cv(banglabert->enhanced_banglabert)
446055	Society	enhanced_cascade_cv(banglabert->enhanced_banglabert)
194365	Organization	enhanced_cascade_cv(banglabert->enhanced_banglabert)
159577	None	enhanced_cascade_cv(banglabert->enhanced_banglabert)
621372	Individual	enhanced_cascade_cv(banglabert->enhanced_banglabert)
563166	None	enhanced_cascade_cv(banglabert->enhanced_banglabert)
903605	None	enhanced_cascade_cv(banglabert->enhanced_banglabert)
25719	None	enhanced_cascade_cv(banglabert->enhanced_banglabert)
754904	Individual	enhanced_cascade_cv(banglabert->enhanced_banglabert)
690970	None	enhanced_cascade_cv(banglabert->enhanced_banglabert)
665330	Community	enhanced_cascade_cv(banglabert->enhanced_banglabert)
629667	None	enhanced_cascade_cv(banglabert->enhanced_banglabert)
759298	Individual	enhanced_cascade_cv(banglabert->enhanced_banglabert)
355371	None	enhanced_cascade_cv(banglabert->enhanced_banglabert)
299337	None	enhanced_cascade_cv(banglabert->enhanced_banglabert)
426216	Community	enhanced_cascade_cv(banglabert->enhanced_banglabert)
777204	None	enhanced_cascade_cv(banglabert->enhanced_banglabert)
684582	None	enhanced_cascade_cv(banglabert->enhanced_banglabert)
232639	Organization	enhanced_cascade_cv(banglabert->enhanced_banglabert)
302833	Individual	enhanced_cascade_cv(banglabert->enhanced_banglabert)
764276	None	enhanced_cascade_cv(banglabert->enhanced_banglabert)
413319	None	enhanced_cascade_cv(banglabert->enhanced_banglabert)
105973	None	enhanced_cascade_cv(banglabert->enhanced_banglabert)
629246	None	enhanced_cascade_cv(banglabert->enhanced_banglabert)
25701	None	enhanced_cascade_cv(banglabert->enhanced_banglabert)
496255	None	enhanced_cascade_cv(banglabert->enhanced_banglabert)
111992	Individual	enhanced_cascade_cv(banglabert->enhanced_banglabert)
761186	Individual	enhanced_cascade_cv(banglabert->enhanced_banglabert)
665357	None	enhanced_cascade_cv(banglabert->enhanced_banglabert)
541807	None	enhanced_cascade_cv(banglabert->enhanced_banglabert)
794219	None	enhanced_cascade_cv(banglabert->enhanced_banglabert)
313545	None	enhanced_cascade_cv(banglabert->enhanced_banglabert)
384610	None	enhanced_cascade_cv(banglabert->enhanced_banglabert)
48725	None	enhanced_cascade_cv(banglabert->enhanced_banglabert)
716001	None	enhanced_cascade_cv(banglabert->enhanced_banglabert)
690488	None	enhanced_cascade_cv(banglabert->enhanced_banglabert)
372262	Community	enhanced_cascade_cv(banglabert->enhanced_banglabert)
649443	Organization	enhanced_cascade_cv(banglabert->enhanced_banglabert)
841547	None	enhanced_cascade_cv(banglabert->enhanced_banglabert)
412478	None	enhanced_cascade_cv(banglabert->enhanced_banglabert)
237750	None	enhanced_cascade_cv(banglabert->enhanced_banglabert)
357337	None	enhanced_cascade_cv(banglabert->enhanced_banglabert)
684141	None	enhanced_cascade_cv(banglabert->enhanced_banglabert)
614205	Individual	enhanced_cascade_cv(banglabert->enhanced_banglabert)
803999	None	enhanced_cascade_cv(banglabert->enhanced_banglabert)
634528	None	enhanced_cascade_cv(banglabert->enhanced_banglabert)
366549	None	enhanced_cascade_cv(banglabert->enhanced_banglabert)
620921	Individual	enhanced_cascade_cv(banglabert->enhanced_banglabert)
478115	None	enhanced_cascade_cv(banglabert->enhanced_banglabert)
542047	None	enhanced_cascade_cv(banglabert->enhanced_banglabert)
813707	None	enhanced_cascade_cv(banglabert->enhanced_banglabert)
739005	Society	enhanced_cascade_cv(banglabert->enhanced_banglabert)
2707	Individual	enhanced_cascade_cv(banglabert->enhanced_banglabert)
244701	Individual	enhanced_cascade_cv(banglabert->enhanced_banglabert)
118669	Individual	enhanced_cascade_cv(banglabert->enhanced_banglabert)
415195	None	enhanced_cascade_cv(banglabert->enhanced_banglabert)
927519	Community	enhanced_cascade_cv(banglabert->enhanced_banglabert)
365035	None	enhanced_cascade_cv(banglabert->enhanced_banglabert)
98461	Organization	enhanced_cascade_cv(banglabert->enhanced_banglabert)
158192	Organization	enhanced_cascade_cv(banglabert->enhanced_banglabert)
694809	Organization	enhanced_cascade_cv(banglabert->enhanced_banglabert)
165519	None	enhanced_cascade_cv(banglabert->enhanced_banglabert)
819043	None	enhanced_cascade_cv(banglabert->enhanced_banglabert)
724382	None	enhanced_cascade_cv(banglabert->enhanced_banglabert)
745958	None	enhanced_cascade_cv(banglabert->enhanced_banglabert)
762840	Society	enhanced_cascade_cv(banglabert->enhanced_banglabert)
510901	None	enhanced_cascade_cv(banglabert->enhanced_banglabert)
569904	None	enhanced_cascade_cv(banglabert->enhanced_banglabert)
264690	Individual	enhanced_cascade_cv(banglabert->enhanced_banglabert)
920519	None	enhanced_cascade_cv(banglabert->enhanced_banglabert)
53325	Individual	enhanced_cascade_cv(banglabert->enhanced_banglabert)
75831	Individual	enhanced_cascade_cv(banglabert->enhanced_banglabert)
148145	None	enhanced_cascade_cv(banglabert->enhanced_banglabert)
828169	None	enhanced_cascade_cv(banglabert->enhanced_banglabert)
217973	Community	enhanced_cascade_cv(banglabert->enhanced_banglabert)
442500	None	enhanced_cascade_cv(banglabert->enhanced_banglabert)
932079	None	enhanced_cascade_cv(banglabert->enhanced_banglabert)
599915	Organization	enhanced_cascade_cv(banglabert->enhanced_banglabert)
433780	None	enhanced_cascade_cv(banglabert->enhanced_banglabert)
503413	None	enhanced_cascade_cv(banglabert->enhanced_banglabert)
382871	Community	enhanced_cascade_cv(banglabert->enhanced_banglabert)
277944	Individual	enhanced_cascade_cv(banglabert->enhanced_banglabert)
685154	Individual	enhanced_cascade_cv(banglabert->enhanced_banglabert)
470616	None	enhanced_cascade_cv(banglabert->enhanced_banglabert)
388201	None	enhanced_cascade_cv(banglabert->enhanced_banglabert)
434294	None	enhanced_cascade_cv(banglabert->enhanced_banglabert)
901816	None	enhanced_cascade_cv(banglabert->enhanced_banglabert)
308694	None	enhanced_cascade_cv(banglabert->enhanced_banglabert)
366389	None	enhanced_cascade_cv(banglabert->enhanced_banglabert)
406119	None	enhanced_cascade_cv(banglabert->enhanced_banglabert)
231492	Organization	enhanced_cascade_cv(banglabert->enhanced_banglabert)
256127	None	enhanced_cascade_cv(banglabert->enhanced_banglabert)
874399	None	enhanced_cascade_cv(banglabert->enhanced_banglabert)
240469	Society	enhanced_cascade_cv(banglabert->enhanced_banglabert)
299841	Community	enhanced_cascade_cv(banglabert->enhanced_banglabert)
272070	Organization	enhanced_cascade_cv(banglabert->enhanced_banglabert)
878240	None	enhanced_cascade_cv(banglabert->enhanced_banglabert)
56921	None	enhanced_cascade_cv(banglabert->enhanced_banglabert)
687552	Individual	enhanced_cascade_cv(banglabert->enhanced_banglabert)
691226	None	enhanced_cascade_cv(banglabert->enhanced_banglabert)
258942	None	enhanced_cascade_cv(banglabert->enhanced_banglabert)
606241	None	enhanced_cascade_cv(banglabert->enhanced_banglabert)
658504	Society	enhanced_cascade_cv(banglabert->enhanced_banglabert)
108706	Society	enhanced_cascade_cv(banglabert->enhanced_banglabert)
844981	None	enhanced_cascade_cv(banglabert->enhanced_banglabert)
564378	Organization	enhanced_cascade_cv(banglabert->enhanced_banglabert)
9612	Organization	enhanced_cascade_cv(banglabert->enhanced_banglabert)
104371	Individual	enhanced_cascade_cv(banglabert->enhanced_banglabert)
602206	None	enhanced_cascade_cv(banglabert->enhanced_banglabert)
642393	None	enhanced_cascade_cv(banglabert->enhanced_banglabert)
817885	None	enhanced_cascade_cv(banglabert->enhanced_banglabert)
230160	Organization	enhanced_cascade_cv(banglabert->enhanced_banglabert)
270338	Individual	enhanced_cascade_cv(banglabert->enhanced_banglabert)
485631	None	enhanced_cascade_cv(banglabert->enhanced_banglabert)
753395	None	enhanced_cascade_cv(banglabert->enhanced_banglabert)
616450	None	enhanced_cascade_cv(banglabert->enhanced_banglabert)
627708	None	enhanced_cascade_cv(banglabert->enhanced_banglabert)
717347	None	enhanced_cascade_cv(banglabert->enhanced_banglabert)
801350	None	enhanced_cascade_cv(banglabert->enhanced_banglabert)
680772	None	enhanced_cascade_cv(banglabert->enhanced_banglabert)
788165	None	enhanced_cascade_cv(banglabert->enhanced_banglabert)
186975	Organization	enhanced_cascade_cv(banglabert->enhanced_banglabert)
658230	Community	enhanced_cascade_cv(banglabert->enhanced_banglabert)
585982	Individual	enhanced_cascade_cv(banglabert->enhanced_banglabert)
440432	Organization	enhanced_cascade_cv(banglabert->enhanced_banglabert)
666278	None	enhanced_cascade_cv(banglabert->enhanced_banglabert)
70468	Organization	enhanced_cascade_cv(banglabert->enhanced_banglabert)
353708	None	enhanced_cascade_cv(banglabert->enhanced_banglabert)
326355	Individual	enhanced_cascade_cv(banglabert->enhanced_banglabert)
927392	None	enhanced_cascade_cv(banglabert->enhanced_banglabert)
13789	None	enhanced_cascade_cv(banglabert->enhanced_banglabert)
177189	None	enhanced_cascade_cv(banglabert->enhanced_banglabert)
22924	None	enhanced_cascade_cv(banglabert->enhanced_banglabert)
4096	None	enhanced_cascade_cv(banglabert->enhanced_banglabert)
315268	None	enhanced_cascade_cv(banglabert->enhanced_banglabert)
639522	None	enhanced_cascade_cv(banglabert->enhanced_banglabert)
658524	Society	enhanced_cascade_cv(banglabert->enhanced_banglabert)
327608	Individual	enhanced_cascade_cv(banglabert->enhanced_banglabert)
341326	Individual	enhanced_cascade_cv(banglabert->enhanced_banglabert)
917477	None	enhanced_cascade_cv(banglabert->enhanced_banglabert)
431405	None	enhanced_cascade_cv(banglabert->enhanced_banglabert)
514454	None	enhanced_cascade_cv(banglabert->enhanced_banglabert)
156286	None	enhanced_cascade_cv(banglabert->enhanced_banglabert)
91909	Society	enhanced_cascade_cv(banglabert->enhanced_banglabert)
651712	None	enhanced_cascade_cv(banglabert->enhanced_banglabert)
887630	None	enhanced_cascade_cv(banglabert->enhanced_banglabert)
88969	Organization	enhanced_cascade_cv(banglabert->enhanced_banglabert)
794626	None	enhanced_cascade_cv(banglabert->enhanced_banglabert)
546165	Organization	enhanced_cascade_cv(banglabert->enhanced_banglabert)
767962	Individual	enhanced_cascade_cv(banglabert->enhanced_banglabert)
254624	None	enhanced_cascade_cv(banglabert->enhanced_banglabert)
437154	None	enhanced_cascade_cv(banglabert->enhanced_banglabert)
567360	Organization	enhanced_cascade_cv(banglabert->enhanced_banglabert)
478730	Individual	enhanced_cascade_cv(banglabert->enhanced_banglabert)
461266	Organization	enhanced_cascade_cv(banglabert->enhanced_banglabert)
380071	Society	enhanced_cascade_cv(banglabert->enhanced_banglabert)
896029	None	enhanced_cascade_cv(banglabert->enhanced_banglabert)
132557	None	enhanced_cascade_cv(banglabert->enhanced_banglabert)
452293	None	enhanced_cascade_cv(banglabert->enhanced_banglabert)
619346	Individual	enhanced_cascade_cv(banglabert->enhanced_banglabert)
421497	None	enhanced_cascade_cv(banglabert->enhanced_banglabert)
370818	None	enhanced_cascade_cv(banglabert->enhanced_banglabert)
130545	None	enhanced_cascade_cv(banglabert->enhanced_banglabert)
184191	Community	enhanced_cascade_cv(banglabert->enhanced_banglabert)
895131	None	enhanced_cascade_cv(banglabert->enhanced_banglabert)
570454	None	enhanced_cascade_cv(banglabert->enhanced_banglabert)
236744	Individual	enhanced_cascade_cv(banglabert->enhanced_banglabert)
365008	Society	enhanced_cascade_cv(banglabert->enhanced_banglabert)
565252	None	enhanced_cascade_cv(banglabert->enhanced_banglabert)
145896	Organization	enhanced_cascade_cv(banglabert->enhanced_banglabert)
565312	Individual	enhanced_cascade_cv(banglabert->enhanced_banglabert)
302370	None	enhanced_cascade_cv(banglabert->enhanced_banglabert)
843362	None	enhanced_cascade_cv(banglabert->enhanced_banglabert)
426648	None	enhanced_cascade_cv(banglabert->enhanced_banglabert)
332993	Individual	enhanced_cascade_cv(banglabert->enhanced_banglabert)
362215	None	enhanced_cascade_cv(banglabert->enhanced_banglabert)
378687	Society	enhanced_cascade_cv(banglabert->enhanced_banglabert)
429795	None	enhanced_cascade_cv(banglabert->enhanced_banglabert)
672787	None	enhanced_cascade_cv(banglabert->enhanced_banglabert)
41977	None	enhanced_cascade_cv(banglabert->enhanced_banglabert)
562412	Individual	enhanced_cascade_cv(banglabert->enhanced_banglabert)
374962	None	enhanced_cascade_cv(banglabert->enhanced_banglabert)
743614	None	enhanced_cascade_cv(banglabert->enhanced_banglabert)
138338	Organization	enhanced_cascade_cv(banglabert->enhanced_banglabert)
783049	None	enhanced_cascade_cv(banglabert->enhanced_banglabert)
680771	None	enhanced_cascade_cv(banglabert->enhanced_banglabert)
697153	None	enhanced_cascade_cv(banglabert->enhanced_banglabert)
36319	None	enhanced_cascade_cv(banglabert->enhanced_banglabert)
31005	Individual	enhanced_cascade_cv(banglabert->enhanced_banglabert)
197974	Organization	enhanced_cascade_cv(banglabert->enhanced_banglabert)
573686	None	enhanced_cascade_cv(banglabert->enhanced_banglabert)
239072	Organization	enhanced_cascade_cv(banglabert->enhanced_banglabert)
94448	Community	enhanced_cascade_cv(banglabert->enhanced_banglabert)
652355	Organization	enhanced_cascade_cv(banglabert->enhanced_banglabert)
835560	None	enhanced_cascade_cv(banglabert->enhanced_banglabert)
835856	Organization	enhanced_cascade_cv(banglabert->enhanced_banglabert)
906253	Organization	enhanced_cascade_cv(banglabert->enhanced_banglabert)
434943	None	enhanced_cascade_cv(banglabert->enhanced_banglabert)
241895	Society	enhanced_cascade_cv(banglabert->enhanced_banglabert)
524741	None	enhanced_cascade_cv(banglabert->enhanced_banglabert)
520046	Individual	enhanced_cascade_cv(banglabert->enhanced_banglabert)
678534	None	enhanced_cascade_cv(banglabert->enhanced_banglabert)
350854	None	enhanced_cascade_cv(banglabert->enhanced_banglabert)
489310	None	enhanced_cascade_cv(banglabert->enhanced_banglabert)
68122	None	enhanced_cascade_cv(banglabert->enhanced_banglabert)
744190	Individual	enhanced_cascade_cv(banglabert->enhanced_banglabert)
400513	Society	enhanced_cascade_cv(banglabert->enhanced_banglabert)
524798	None	enhanced_cascade_cv(banglabert->enhanced_banglabert)
487285	None	enhanced_cascade_cv(banglabert->enhanced_banglabert)
139642	None	enhanced_cascade_cv(banglabert->enhanced_banglabert)
735933	None	enhanced_cascade_cv(banglabert->enhanced_banglabert)
381490	None	enhanced_cascade_cv(banglabert->enhanced_banglabert)
418106	None	enhanced_cascade_cv(banglabert->enhanced_banglabert)
226917	Organization	enhanced_cascade_cv(banglabert->enhanced_banglabert)
755251	None	enhanced_cascade_cv(banglabert->enhanced_banglabert)
220888	None	enhanced_cascade_cv(banglabert->enhanced_banglabert)
235537	Community	enhanced_cascade_cv(banglabert->enhanced_banglabert)
931016	None	enhanced_cascade_cv(banglabert->enhanced_banglabert)
67710	Organization	enhanced_cascade_cv(banglabert->enhanced_banglabert)
748563	None	enhanced_cascade_cv(banglabert->enhanced_banglabert)
277991	None	enhanced_cascade_cv(banglabert->enhanced_banglabert)
667935	None	enhanced_cascade_cv(banglabert->enhanced_banglabert)
547557	Individual	enhanced_cascade_cv(banglabert->enhanced_banglabert)
348553	None	enhanced_cascade_cv(banglabert->enhanced_banglabert)
893180	None	enhanced_cascade_cv(banglabert->enhanced_banglabert)
181853	Individual	enhanced_cascade_cv(banglabert->enhanced_banglabert)
224065	None	enhanced_cascade_cv(banglabert->enhanced_banglabert)
680742	None	enhanced_cascade_cv(banglabert->enhanced_banglabert)
210123	Individual	enhanced_cascade_cv(banglabert->enhanced_banglabert)
303571	Organization	enhanced_cascade_cv(banglabert->enhanced_banglabert)
732607	None	enhanced_cascade_cv(banglabert->enhanced_banglabert)
702845	None	enhanced_cascade_cv(banglabert->enhanced_banglabert)
833929	Individual	enhanced_cascade_cv(banglabert->enhanced_banglabert)
529224	None	enhanced_cascade_cv(banglabert->enhanced_banglabert)
235261	Individual	enhanced_cascade_cv(banglabert->enhanced_banglabert)
638827	None	enhanced_cascade_cv(banglabert->enhanced_banglabert)
618423	None	enhanced_cascade_cv(banglabert->enhanced_banglabert)
602856	Community	enhanced_cascade_cv(banglabert->enhanced_banglabert)
94491	Community	enhanced_cascade_cv(banglabert->enhanced_banglabert)
665445	None	enhanced_cascade_cv(banglabert->enhanced_banglabert)
679408	None	enhanced_cascade_cv(banglabert->enhanced_banglabert)
496545	None	enhanced_cascade_cv(banglabert->enhanced_banglabert)
381658	None	enhanced_cascade_cv(banglabert->enhanced_banglabert)
300227	None	enhanced_cascade_cv(banglabert->enhanced_banglabert)
8247	None	enhanced_cascade_cv(banglabert->enhanced_banglabert)
112137	Individual	enhanced_cascade_cv(banglabert->enhanced_banglabert)
793528	Community	enhanced_cascade_cv(banglabert->enhanced_banglabert)
858961	None	enhanced_cascade_cv(banglabert->enhanced_banglabert)
446023	None	enhanced_cascade_cv(banglabert->enhanced_banglabert)
493379	None	enhanced_cascade_cv(banglabert->enhanced_banglabert)
64378	None	enhanced_cascade_cv(banglabert->enhanced_banglabert)
586056	Organization	enhanced_cascade_cv(banglabert->enhanced_banglabert)
709805	None	enhanced_cascade_cv(banglabert->enhanced_banglabert)
930293	Organization	enhanced_cascade_cv(banglabert->enhanced_banglabert)
841883	None	enhanced_cascade_cv(banglabert->enhanced_banglabert)
675983	None	enhanced_cascade_cv(banglabert->enhanced_banglabert)
757096	Society	enhanced_cascade_cv(banglabert->enhanced_banglabert)
256474	None	enhanced_cascade_cv(banglabert->enhanced_banglabert)
845341	Individual	enhanced_cascade_cv(banglabert->enhanced_banglabert)
606184	None	enhanced_cascade_cv(banglabert->enhanced_banglabert)
209321	None	enhanced_cascade_cv(banglabert->enhanced_banglabert)
171106	Community	enhanced_cascade_cv(banglabert->enhanced_banglabert)
331981	None	enhanced_cascade_cv(banglabert->enhanced_banglabert)
388980	None	enhanced_cascade_cv(banglabert->enhanced_banglabert)
425898	None	enhanced_cascade_cv(banglabert->enhanced_banglabert)
136415	None	enhanced_cascade_cv(banglabert->enhanced_banglabert)
339868	None	enhanced_cascade_cv(banglabert->enhanced_banglabert)
207242	Community	enhanced_cascade_cv(banglabert->enhanced_banglabert)
814591	None	enhanced_cascade_cv(banglabert->enhanced_banglabert)
38726	Individual	enhanced_cascade_cv(banglabert->enhanced_banglabert)
769167	None	enhanced_cascade_cv(banglabert->enhanced_banglabert)
68498	Organization	enhanced_cascade_cv(banglabert->enhanced_banglabert)
740900	None	enhanced_cascade_cv(banglabert->enhanced_banglabert)
597261	Society	enhanced_cascade_cv(banglabert->enhanced_banglabert)
759556	Society	enhanced_cascade_cv(banglabert->enhanced_banglabert)
184803	Individual	enhanced_cascade_cv(banglabert->enhanced_banglabert)
535232	None	enhanced_cascade_cv(banglabert->enhanced_banglabert)
226858	Organization	enhanced_cascade_cv(banglabert->enhanced_banglabert)
436615	Society	enhanced_cascade_cv(banglabert->enhanced_banglabert)
627900	Individual	enhanced_cascade_cv(banglabert->enhanced_banglabert)
332207	Organization	enhanced_cascade_cv(banglabert->enhanced_banglabert)
200466	None	enhanced_cascade_cv(banglabert->enhanced_banglabert)
649491	Organization	enhanced_cascade_cv(banglabert->enhanced_banglabert)
244564	None	enhanced_cascade_cv(banglabert->enhanced_banglabert)
59366	None	enhanced_cascade_cv(banglabert->enhanced_banglabert)
269642	None	enhanced_cascade_cv(banglabert->enhanced_banglabert)
882257	Community	enhanced_cascade_cv(banglabert->enhanced_banglabert)
624855	None	enhanced_cascade_cv(banglabert->enhanced_banglabert)
612487	Individual	enhanced_cascade_cv(banglabert->enhanced_banglabert)
201647	None	enhanced_cascade_cv(banglabert->enhanced_banglabert)
669151	Organization	enhanced_cascade_cv(banglabert->enhanced_banglabert)
294504	None	enhanced_cascade_cv(banglabert->enhanced_banglabert)
296	None	enhanced_cascade_cv(banglabert->enhanced_banglabert)
374352	None	enhanced_cascade_cv(banglabert->enhanced_banglabert)
806194	None	enhanced_cascade_cv(banglabert->enhanced_banglabert)
493931	None	enhanced_cascade_cv(banglabert->enhanced_banglabert)
158816	Organization	enhanced_cascade_cv(banglabert->enhanced_banglabert)
119059	None	enhanced_cascade_cv(banglabert->enhanced_banglabert)
848587	Organization	enhanced_cascade_cv(banglabert->enhanced_banglabert)
838795	None	enhanced_cascade_cv(banglabert->enhanced_banglabert)
571106	None	enhanced_cascade_cv(banglabert->enhanced_banglabert)
922357	None	enhanced_cascade_cv(banglabert->enhanced_banglabert)
174358	None	enhanced_cascade_cv(banglabert->enhanced_banglabert)
830853	None	enhanced_cascade_cv(banglabert->enhanced_banglabert)
543768	Organization	enhanced_cascade_cv(banglabert->enhanced_banglabert)
466533	Individual	enhanced_cascade_cv(banglabert->enhanced_banglabert)
586551	None	enhanced_cascade_cv(banglabert->enhanced_banglabert)
631210	None	enhanced_cascade_cv(banglabert->enhanced_banglabert)
730433	None	enhanced_cascade_cv(banglabert->enhanced_banglabert)
834983	None	enhanced_cascade_cv(banglabert->enhanced_banglabert)
9578	None	enhanced_cascade_cv(banglabert->enhanced_banglabert)
305421	None	enhanced_cascade_cv(banglabert->enhanced_banglabert)
319539	None	enhanced_cascade_cv(banglabert->enhanced_banglabert)
468853	None	enhanced_cascade_cv(banglabert->enhanced_banglabert)
718641	None	enhanced_cascade_cv(banglabert->enhanced_banglabert)
590327	Organization	enhanced_cascade_cv(banglabert->enhanced_banglabert)
37157	None	enhanced_cascade_cv(banglabert->enhanced_banglabert)
481476	None	enhanced_cascade_cv(banglabert->enhanced_banglabert)
104811	Organization	enhanced_cascade_cv(banglabert->enhanced_banglabert)
8352	None	enhanced_cascade_cv(banglabert->enhanced_banglabert)
938314	Community	enhanced_cascade_cv(banglabert->enhanced_banglabert)
261541	None	enhanced_cascade_cv(banglabert->enhanced_banglabert)
436858	None	enhanced_cascade_cv(banglabert->enhanced_banglabert)
696539	Individual	enhanced_cascade_cv(banglabert->enhanced_banglabert)
170877	None	enhanced_cascade_cv(banglabert->enhanced_banglabert)
32969	Community	enhanced_cascade_cv(banglabert->enhanced_banglabert)
226451	Organization	enhanced_cascade_cv(banglabert->enhanced_banglabert)
453084	Community	enhanced_cascade_cv(banglabert->enhanced_banglabert)
616271	Organization	enhanced_cascade_cv(banglabert->enhanced_banglabert)
475867	Individual	enhanced_cascade_cv(banglabert->enhanced_banglabert)
915063	None	enhanced_cascade_cv(banglabert->enhanced_banglabert)
793008	Individual	enhanced_cascade_cv(banglabert->enhanced_banglabert)
44906	Individual	enhanced_cascade_cv(banglabert->enhanced_banglabert)
209756	Organization	enhanced_cascade_cv(banglabert->enhanced_banglabert)
1506	None	enhanced_cascade_cv(banglabert->enhanced_banglabert)
517420	Individual	enhanced_cascade_cv(banglabert->enhanced_banglabert)
787819	None	enhanced_cascade_cv(banglabert->enhanced_banglabert)
275373	Individual	enhanced_cascade_cv(banglabert->enhanced_banglabert)
531656	None	enhanced_cascade_cv(banglabert->enhanced_banglabert)
912668	None	enhanced_cascade_cv(banglabert->enhanced_banglabert)
189982	None	enhanced_cascade_cv(banglabert->enhanced_banglabert)
291372	None	enhanced_cascade_cv(banglabert->enhanced_banglabert)
590530	Individual	enhanced_cascade_cv(banglabert->enhanced_banglabert)
629152	None	enhanced_cascade_cv(banglabert->enhanced_banglabert)
264750	None	enhanced_cascade_cv(banglabert->enhanced_banglabert)
69657	None	enhanced_cascade_cv(banglabert->enhanced_banglabert)
128953	Community	enhanced_cascade_cv(banglabert->enhanced_banglabert)
332996	None	enhanced_cascade_cv(banglabert->enhanced_banglabert)
804219	None	enhanced_cascade_cv(banglabert->enhanced_banglabert)
530269	None	enhanced_cascade_cv(banglabert->enhanced_banglabert)
72235	Organization	enhanced_cascade_cv(banglabert->enhanced_banglabert)
473811	None	enhanced_cascade_cv(banglabert->enhanced_banglabert)
615323	None	enhanced_cascade_cv(banglabert->enhanced_banglabert)
372950	Organization	enhanced_cascade_cv(banglabert->enhanced_banglabert)
685264	None	enhanced_cascade_cv(banglabert->enhanced_banglabert)
890396	None	enhanced_cascade_cv(banglabert->enhanced_banglabert)
544486	None	enhanced_cascade_cv(banglabert->enhanced_banglabert)
542580	Society	enhanced_cascade_cv(banglabert->enhanced_banglabert)
67938	None	enhanced_cascade_cv(banglabert->enhanced_banglabert)
918929	None	enhanced_cascade_cv(banglabert->enhanced_banglabert)
431689	Individual	enhanced_cascade_cv(banglabert->enhanced_banglabert)
451170	None	enhanced_cascade_cv(banglabert->enhanced_banglabert)
64000	None	enhanced_cascade_cv(banglabert->enhanced_banglabert)
102246	None	enhanced_cascade_cv(banglabert->enhanced_banglabert)
644596	Organization	enhanced_cascade_cv(banglabert->enhanced_banglabert)
13985	None	enhanced_cascade_cv(banglabert->enhanced_banglabert)
207452	Community	enhanced_cascade_cv(banglabert->enhanced_banglabert)
817157	None	enhanced_cascade_cv(banglabert->enhanced_banglabert)
319604	None	enhanced_cascade_cv(banglabert->enhanced_banglabert)
842261	None	enhanced_cascade_cv(banglabert->enhanced_banglabert)
510728	None	enhanced_cascade_cv(banglabert->enhanced_banglabert)
772285	None	enhanced_cascade_cv(banglabert->enhanced_banglabert)
656732	None	enhanced_cascade_cv(banglabert->enhanced_banglabert)
300378	None	enhanced_cascade_cv(banglabert->enhanced_banglabert)
818079	None	enhanced_cascade_cv(banglabert->enhanced_banglabert)
372083	None	enhanced_cascade_cv(banglabert->enhanced_banglabert)
506828	None	enhanced_cascade_cv(banglabert->enhanced_banglabert)
684755	None	enhanced_cascade_cv(banglabert->enhanced_banglabert)
152055	None	enhanced_cascade_cv(banglabert->enhanced_banglabert)
933687	None	enhanced_cascade_cv(banglabert->enhanced_banglabert)
759550	Individual	enhanced_cascade_cv(banglabert->enhanced_banglabert)
75779	Organization	enhanced_cascade_cv(banglabert->enhanced_banglabert)
763875	None	enhanced_cascade_cv(banglabert->enhanced_banglabert)
68920	Organization	enhanced_cascade_cv(banglabert->enhanced_banglabert)
292858	Individual	enhanced_cascade_cv(banglabert->enhanced_banglabert)
672834	None	enhanced_cascade_cv(banglabert->enhanced_banglabert)
723457	None	enhanced_cascade_cv(banglabert->enhanced_banglabert)
188201	Organization	enhanced_cascade_cv(banglabert->enhanced_banglabert)
160207	None	enhanced_cascade_cv(banglabert->enhanced_banglabert)
573389	Society	enhanced_cascade_cv(banglabert->enhanced_banglabert)
199832	Organization	enhanced_cascade_cv(banglabert->enhanced_banglabert)
681193	None	enhanced_cascade_cv(banglabert->enhanced_banglabert)
324164	None	enhanced_cascade_cv(banglabert->enhanced_banglabert)
402151	None	enhanced_cascade_cv(banglabert->enhanced_banglabert)
121878	None	enhanced_cascade_cv(banglabert->enhanced_banglabert)
444605	Society	enhanced_cascade_cv(banglabert->enhanced_banglabert)
50482	None	enhanced_cascade_cv(banglabert->enhanced_banglabert)
881190	None	enhanced_cascade_cv(banglabert->enhanced_banglabert)
97284	None	enhanced_cascade_cv(banglabert->enhanced_banglabert)
187548	None	enhanced_cascade_cv(banglabert->enhanced_banglabert)
322988	Individual	enhanced_cascade_cv(banglabert->enhanced_banglabert)
635359	Community	enhanced_cascade_cv(banglabert->enhanced_banglabert)
111839	Individual	enhanced_cascade_cv(banglabert->enhanced_banglabert)
651314	Organization	enhanced_cascade_cv(banglabert->enhanced_banglabert)
407319	Society	enhanced_cascade_cv(banglabert->enhanced_banglabert)
146763	None	enhanced_cascade_cv(banglabert->enhanced_banglabert)
138065	None	enhanced_cascade_cv(banglabert->enhanced_banglabert)
17399	Organization	enhanced_cascade_cv(banglabert->enhanced_banglabert)
620003	None	enhanced_cascade_cv(banglabert->enhanced_banglabert)
402502	Individual	enhanced_cascade_cv(banglabert->enhanced_banglabert)
922070	Individual	enhanced_cascade_cv(banglabert->enhanced_banglabert)
715247	None	enhanced_cascade_cv(banglabert->enhanced_banglabert)
512744	None	enhanced_cascade_cv(banglabert->enhanced_banglabert)
694899	None	enhanced_cascade_cv(banglabert->enhanced_banglabert)
283684	None	enhanced_cascade_cv(banglabert->enhanced_banglabert)
613100	Community	enhanced_cascade_cv(banglabert->enhanced_banglabert)
330754	None	enhanced_cascade_cv(banglabert->enhanced_banglabert)
456877	Organization	enhanced_cascade_cv(banglabert->enhanced_banglabert)
286453	None	enhanced_cascade_cv(banglabert->enhanced_banglabert)
74761	None	enhanced_cascade_cv(banglabert->enhanced_banglabert)
56697	None	enhanced_cascade_cv(banglabert->enhanced_banglabert)
657372	None	enhanced_cascade_cv(banglabert->enhanced_banglabert)
778834	None	enhanced_cascade_cv(banglabert->enhanced_banglabert)
754260	None	enhanced_cascade_cv(banglabert->enhanced_banglabert)
381952	None	enhanced_cascade_cv(banglabert->enhanced_banglabert)
327008	None	enhanced_cascade_cv(banglabert->enhanced_banglabert)
468918	None	enhanced_cascade_cv(banglabert->enhanced_banglabert)
311245	None	enhanced_cascade_cv(banglabert->enhanced_banglabert)
501508	None	enhanced_cascade_cv(banglabert->enhanced_banglabert)
550132	None	enhanced_cascade_cv(banglabert->enhanced_banglabert)
205368	Community	enhanced_cascade_cv(banglabert->enhanced_banglabert)
489891	Individual	enhanced_cascade_cv(banglabert->enhanced_banglabert)
42902	Organization	enhanced_cascade_cv(banglabert->enhanced_banglabert)
639802	Individual	enhanced_cascade_cv(banglabert->enhanced_banglabert)
269844	Individual	enhanced_cascade_cv(banglabert->enhanced_banglabert)
831619	None	enhanced_cascade_cv(banglabert->enhanced_banglabert)
12902	Community	enhanced_cascade_cv(banglabert->enhanced_banglabert)
121008	None	enhanced_cascade_cv(banglabert->enhanced_banglabert)
917803	Individual	enhanced_cascade_cv(banglabert->enhanced_banglabert)
435437	None	enhanced_cascade_cv(banglabert->enhanced_banglabert)
122057	Individual	enhanced_cascade_cv(banglabert->enhanced_banglabert)
69778	None	enhanced_cascade_cv(banglabert->enhanced_banglabert)
670997	Individual	enhanced_cascade_cv(banglabert->enhanced_banglabert)
473599	Individual	enhanced_cascade_cv(banglabert->enhanced_banglabert)
636245	None	enhanced_cascade_cv(banglabert->enhanced_banglabert)
566867	None	enhanced_cascade_cv(banglabert->enhanced_banglabert)
756011	Community	enhanced_cascade_cv(banglabert->enhanced_banglabert)
174568	Individual	enhanced_cascade_cv(banglabert->enhanced_banglabert)
105295	None	enhanced_cascade_cv(banglabert->enhanced_banglabert)
863034	None	enhanced_cascade_cv(banglabert->enhanced_banglabert)
468481	Community	enhanced_cascade_cv(banglabert->enhanced_banglabert)
912288	None	enhanced_cascade_cv(banglabert->enhanced_banglabert)
745195	Organization	enhanced_cascade_cv(banglabert->enhanced_banglabert)
256415	Individual	enhanced_cascade_cv(banglabert->enhanced_banglabert)
869891	None	enhanced_cascade_cv(banglabert->enhanced_banglabert)
743989	Organization	enhanced_cascade_cv(banglabert->enhanced_banglabert)
211439	None	enhanced_cascade_cv(banglabert->enhanced_banglabert)
342543	None	enhanced_cascade_cv(banglabert->enhanced_banglabert)
791267	Society	enhanced_cascade_cv(banglabert->enhanced_banglabert)
226741	None	enhanced_cascade_cv(banglabert->enhanced_banglabert)
169304	Individual	enhanced_cascade_cv(banglabert->enhanced_banglabert)
591650	None	enhanced_cascade_cv(banglabert->enhanced_banglabert)
487687	None	enhanced_cascade_cv(banglabert->enhanced_banglabert)
454000	None	enhanced_cascade_cv(banglabert->enhanced_banglabert)
242558	None	enhanced_cascade_cv(banglabert->enhanced_banglabert)
672771	None	enhanced_cascade_cv(banglabert->enhanced_banglabert)
736781	Community	enhanced_cascade_cv(banglabert->enhanced_banglabert)
375292	None	enhanced_cascade_cv(banglabert->enhanced_banglabert)
628594	None	enhanced_cascade_cv(banglabert->enhanced_banglabert)
863998	None	enhanced_cascade_cv(banglabert->enhanced_banglabert)
582171	None	enhanced_cascade_cv(banglabert->enhanced_banglabert)
495328	None	enhanced_cascade_cv(banglabert->enhanced_banglabert)
245769	None	enhanced_cascade_cv(banglabert->enhanced_banglabert)
845686	Organization	enhanced_cascade_cv(banglabert->enhanced_banglabert)
360465	Community	enhanced_cascade_cv(banglabert->enhanced_banglabert)
680298	Organization	enhanced_cascade_cv(banglabert->enhanced_banglabert)
384044	None	enhanced_cascade_cv(banglabert->enhanced_banglabert)
698107	None	enhanced_cascade_cv(banglabert->enhanced_banglabert)
124901	None	enhanced_cascade_cv(banglabert->enhanced_banglabert)
898308	None	enhanced_cascade_cv(banglabert->enhanced_banglabert)
191003	Individual	enhanced_cascade_cv(banglabert->enhanced_banglabert)
316236	None	enhanced_cascade_cv(banglabert->enhanced_banglabert)
497882	Individual	enhanced_cascade_cv(banglabert->enhanced_banglabert)
553846	Community	enhanced_cascade_cv(banglabert->enhanced_banglabert)
268683	None	enhanced_cascade_cv(banglabert->enhanced_banglabert)
671994	None	enhanced_cascade_cv(banglabert->enhanced_banglabert)
73910	None	enhanced_cascade_cv(banglabert->enhanced_banglabert)
114018	None	enhanced_cascade_cv(banglabert->enhanced_banglabert)
628444	None	enhanced_cascade_cv(banglabert->enhanced_banglabert)
721804	Society	enhanced_cascade_cv(banglabert->enhanced_banglabert)
851115	Individual	enhanced_cascade_cv(banglabert->enhanced_banglabert)
462071	Individual	enhanced_cascade_cv(banglabert->enhanced_banglabert)
47543	Community	enhanced_cascade_cv(banglabert->enhanced_banglabert)
68799	None	enhanced_cascade_cv(banglabert->enhanced_banglabert)
102894	None	enhanced_cascade_cv(banglabert->enhanced_banglabert)
636696	Community	enhanced_cascade_cv(banglabert->enhanced_banglabert)
679057	None	enhanced_cascade_cv(banglabert->enhanced_banglabert)
713777	Community	enhanced_cascade_cv(banglabert->enhanced_banglabert)
668140	Community	enhanced_cascade_cv(banglabert->enhanced_banglabert)
916913	None	enhanced_cascade_cv(banglabert->enhanced_banglabert)
38010	None	enhanced_cascade_cv(banglabert->enhanced_banglabert)
366690	None	enhanced_cascade_cv(banglabert->enhanced_banglabert)
918194	None	enhanced_cascade_cv(banglabert->enhanced_banglabert)
15744	Community	enhanced_cascade_cv(banglabert->enhanced_banglabert)
239990	None	enhanced_cascade_cv(banglabert->enhanced_banglabert)
665762	None	enhanced_cascade_cv(banglabert->enhanced_banglabert)
479808	None	enhanced_cascade_cv(banglabert->enhanced_banglabert)
219312	Organization	enhanced_cascade_cv(banglabert->enhanced_banglabert)
274037	None	enhanced_cascade_cv(banglabert->enhanced_banglabert)
93681	Community	enhanced_cascade_cv(banglabert->enhanced_banglabert)
384430	None	enhanced_cascade_cv(banglabert->enhanced_banglabert)
102849	Organization	enhanced_cascade_cv(banglabert->enhanced_banglabert)
283260	None	enhanced_cascade_cv(banglabert->enhanced_banglabert)
528373	Individual	enhanced_cascade_cv(banglabert->enhanced_banglabert)
385396	Society	enhanced_cascade_cv(banglabert->enhanced_banglabert)
770384	Society	enhanced_cascade_cv(banglabert->enhanced_banglabert)
904869	None	enhanced_cascade_cv(banglabert->enhanced_banglabert)
294348	None	enhanced_cascade_cv(banglabert->enhanced_banglabert)
470285	Organization	enhanced_cascade_cv(banglabert->enhanced_banglabert)
355971	None	enhanced_cascade_cv(banglabert->enhanced_banglabert)
935492	None	enhanced_cascade_cv(banglabert->enhanced_banglabert)
149248	None	enhanced_cascade_cv(banglabert->enhanced_banglabert)
110482	Organization	enhanced_cascade_cv(banglabert->enhanced_banglabert)
225945	Individual	enhanced_cascade_cv(banglabert->enhanced_banglabert)
106681	None	enhanced_cascade_cv(banglabert->enhanced_banglabert)
775515	None	enhanced_cascade_cv(banglabert->enhanced_banglabert)
856071	Individual	enhanced_cascade_cv(banglabert->enhanced_banglabert)
688414	Individual	enhanced_cascade_cv(banglabert->enhanced_banglabert)
410010	None	enhanced_cascade_cv(banglabert->enhanced_banglabert)
134884	Organization	enhanced_cascade_cv(banglabert->enhanced_banglabert)
492381	None	enhanced_cascade_cv(banglabert->enhanced_banglabert)
354715	None	enhanced_cascade_cv(banglabert->enhanced_banglabert)
108293	None	enhanced_cascade_cv(banglabert->enhanced_banglabert)
258110	None	enhanced_cascade_cv(banglabert->enhanced_banglabert)
742169	Society	enhanced_cascade_cv(banglabert->enhanced_banglabert)
165073	Community	enhanced_cascade_cv(banglabert->enhanced_banglabert)
643417	None	enhanced_cascade_cv(banglabert->enhanced_banglabert)
907692	None	enhanced_cascade_cv(banglabert->enhanced_banglabert)
275280	None	enhanced_cascade_cv(banglabert->enhanced_banglabert)
384895	Society	enhanced_cascade_cv(banglabert->enhanced_banglabert)
123383	None	enhanced_cascade_cv(banglabert->enhanced_banglabert)
917707	None	enhanced_cascade_cv(banglabert->enhanced_banglabert)
745450	None	enhanced_cascade_cv(banglabert->enhanced_banglabert)
803867	None	enhanced_cascade_cv(banglabert->enhanced_banglabert)
847701	None	enhanced_cascade_cv(banglabert->enhanced_banglabert)
649145	None	enhanced_cascade_cv(banglabert->enhanced_banglabert)
43392	None	enhanced_cascade_cv(banglabert->enhanced_banglabert)
49441	Society	enhanced_cascade_cv(banglabert->enhanced_banglabert)
275691	None	enhanced_cascade_cv(banglabert->enhanced_banglabert)
391670	Organization	enhanced_cascade_cv(banglabert->enhanced_banglabert)
314138	Individual	enhanced_cascade_cv(banglabert->enhanced_banglabert)
839026	None	enhanced_cascade_cv(banglabert->enhanced_banglabert)
157218	None	enhanced_cascade_cv(banglabert->enhanced_banglabert)
778108	None	enhanced_cascade_cv(banglabert->enhanced_banglabert)
870715	None	enhanced_cascade_cv(banglabert->enhanced_banglabert)
616055	None	enhanced_cascade_cv(banglabert->enhanced_banglabert)
668381	Society	enhanced_cascade_cv(banglabert->enhanced_banglabert)
489761	None	enhanced_cascade_cv(banglabert->enhanced_banglabert)
185761	Community	enhanced_cascade_cv(banglabert->enhanced_banglabert)
100167	Organization	enhanced_cascade_cv(banglabert->enhanced_banglabert)
315072	Community	enhanced_cascade_cv(banglabert->enhanced_banglabert)
738286	None	enhanced_cascade_cv(banglabert->enhanced_banglabert)
338348	None	enhanced_cascade_cv(banglabert->enhanced_banglabert)
765870	None	enhanced_cascade_cv(banglabert->enhanced_banglabert)
82863	Individual	enhanced_cascade_cv(banglabert->enhanced_banglabert)
593341	Individual	enhanced_cascade_cv(banglabert->enhanced_banglabert)
301636	None	enhanced_cascade_cv(banglabert->enhanced_banglabert)
727090	Society	enhanced_cascade_cv(banglabert->enhanced_banglabert)
101307	Organization	enhanced_cascade_cv(banglabert->enhanced_banglabert)
584003	None	enhanced_cascade_cv(banglabert->enhanced_banglabert)
339635	None	enhanced_cascade_cv(banglabert->enhanced_banglabert)
212165	Individual	enhanced_cascade_cv(banglabert->enhanced_banglabert)
874594	None	enhanced_cascade_cv(banglabert->enhanced_banglabert)
716544	Organization	enhanced_cascade_cv(banglabert->enhanced_banglabert)
432071	Society	enhanced_cascade_cv(banglabert->enhanced_banglabert)
824273	None	enhanced_cascade_cv(banglabert->enhanced_banglabert)
556833	Community	enhanced_cascade_cv(banglabert->enhanced_banglabert)
121793	None	enhanced_cascade_cv(banglabert->enhanced_banglabert)
621848	Organization	enhanced_cascade_cv(banglabert->enhanced_banglabert)
901748	None	enhanced_cascade_cv(banglabert->enhanced_banglabert)
379127	None	enhanced_cascade_cv(banglabert->enhanced_banglabert)
797584	Society	enhanced_cascade_cv(banglabert->enhanced_banglabert)
701390	Community	enhanced_cascade_cv(banglabert->enhanced_banglabert)
74565	None	enhanced_cascade_cv(banglabert->enhanced_banglabert)
274380	None	enhanced_cascade_cv(banglabert->enhanced_banglabert)
341397	None	enhanced_cascade_cv(banglabert->enhanced_banglabert)
930015	None	enhanced_cascade_cv(banglabert->enhanced_banglabert)
421289	Organization	enhanced_cascade_cv(banglabert->enhanced_banglabert)
844379	Individual	enhanced_cascade_cv(banglabert->enhanced_banglabert)
726196	Society	enhanced_cascade_cv(banglabert->enhanced_banglabert)
909760	None	enhanced_cascade_cv(banglabert->enhanced_banglabert)
242972	None	enhanced_cascade_cv(banglabert->enhanced_banglabert)
455032	None	enhanced_cascade_cv(banglabert->enhanced_banglabert)
166291	None	enhanced_cascade_cv(banglabert->enhanced_banglabert)
748814	None	enhanced_cascade_cv(banglabert->enhanced_banglabert)
276461	Society	enhanced_cascade_cv(banglabert->enhanced_banglabert)
462154	None	enhanced_cascade_cv(banglabert->enhanced_banglabert)
640026	None	enhanced_cascade_cv(banglabert->enhanced_banglabert)
515649	Individual	enhanced_cascade_cv(banglabert->enhanced_banglabert)
356054	None	enhanced_cascade_cv(banglabert->enhanced_banglabert)
376227	None	enhanced_cascade_cv(banglabert->enhanced_banglabert)
326378	None	enhanced_cascade_cv(banglabert->enhanced_banglabert)
187405	Organization	enhanced_cascade_cv(banglabert->enhanced_banglabert)
415419	None	enhanced_cascade_cv(banglabert->enhanced_banglabert)
908300	Individual	enhanced_cascade_cv(banglabert->enhanced_banglabert)
415991	None	enhanced_cascade_cv(banglabert->enhanced_banglabert)
232905	None	enhanced_cascade_cv(banglabert->enhanced_banglabert)
698594	None	enhanced_cascade_cv(banglabert->enhanced_banglabert)
422977	None	enhanced_cascade_cv(banglabert->enhanced_banglabert)
841903	Community	enhanced_cascade_cv(banglabert->enhanced_banglabert)
760929	Society	enhanced_cascade_cv(banglabert->enhanced_banglabert)
27236	None	enhanced_cascade_cv(banglabert->enhanced_banglabert)
593596	Society	enhanced_cascade_cv(banglabert->enhanced_banglabert)
610062	Organization	enhanced_cascade_cv(banglabert->enhanced_banglabert)
152602	None	enhanced_cascade_cv(banglabert->enhanced_banglabert)
91377	Organization	enhanced_cascade_cv(banglabert->enhanced_banglabert)
836207	Individual	enhanced_cascade_cv(banglabert->enhanced_banglabert)
383825	Society	enhanced_cascade_cv(banglabert->enhanced_banglabert)
430895	None	enhanced_cascade_cv(banglabert->enhanced_banglabert)
598432	None	enhanced_cascade_cv(banglabert->enhanced_banglabert)
56326	Community	enhanced_cascade_cv(banglabert->enhanced_banglabert)
648234	Individual	enhanced_cascade_cv(banglabert->enhanced_banglabert)
391087	None	enhanced_cascade_cv(banglabert->enhanced_banglabert)
221646	Individual	enhanced_cascade_cv(banglabert->enhanced_banglabert)
432131	None	enhanced_cascade_cv(banglabert->enhanced_banglabert)
76027	Organization	enhanced_cascade_cv(banglabert->enhanced_banglabert)
714390	None	enhanced_cascade_cv(banglabert->enhanced_banglabert)
754896	None	enhanced_cascade_cv(banglabert->enhanced_banglabert)
634128	Individual	enhanced_cascade_cv(banglabert->enhanced_banglabert)
652223	None	enhanced_cascade_cv(banglabert->enhanced_banglabert)
76903	Individual	enhanced_cascade_cv(banglabert->enhanced_banglabert)
522714	Individual	enhanced_cascade_cv(banglabert->enhanced_banglabert)
277521	None	enhanced_cascade_cv(banglabert->enhanced_banglabert)
207665	Community	enhanced_cascade_cv(banglabert->enhanced_banglabert)
741524	Community	enhanced_cascade_cv(banglabert->enhanced_banglabert)
890767	None	enhanced_cascade_cv(banglabert->enhanced_banglabert)
107833	Individual	enhanced_cascade_cv(banglabert->enhanced_banglabert)
778538	None	enhanced_cascade_cv(banglabert->enhanced_banglabert)
531830	None	enhanced_cascade_cv(banglabert->enhanced_banglabert)
202262	None	enhanced_cascade_cv(banglabert->enhanced_banglabert)
847770	Community	enhanced_cascade_cv(banglabert->enhanced_banglabert)
896431	None	enhanced_cascade_cv(banglabert->enhanced_banglabert)
438900	Individual	enhanced_cascade_cv(banglabert->enhanced_banglabert)
373867	None	enhanced_cascade_cv(banglabert->enhanced_banglabert)
591905	None	enhanced_cascade_cv(banglabert->enhanced_banglabert)
703607	None	enhanced_cascade_cv(banglabert->enhanced_banglabert)
935236	Individual	enhanced_cascade_cv(banglabert->enhanced_banglabert)
366459	None	enhanced_cascade_cv(banglabert->enhanced_banglabert)
563337	None	enhanced_cascade_cv(banglabert->enhanced_banglabert)
207001	None	enhanced_cascade_cv(banglabert->enhanced_banglabert)
224924	Organization	enhanced_cascade_cv(banglabert->enhanced_banglabert)
523426	None	enhanced_cascade_cv(banglabert->enhanced_banglabert)
700614	None	enhanced_cascade_cv(banglabert->enhanced_banglabert)
10147	None	enhanced_cascade_cv(banglabert->enhanced_banglabert)
171764	Organization	enhanced_cascade_cv(banglabert->enhanced_banglabert)
165343	None	enhanced_cascade_cv(banglabert->enhanced_banglabert)
848454	Individual	enhanced_cascade_cv(banglabert->enhanced_banglabert)
282788	None	enhanced_cascade_cv(banglabert->enhanced_banglabert)
876428	Individual	enhanced_cascade_cv(banglabert->enhanced_banglabert)
271961	Community	enhanced_cascade_cv(banglabert->enhanced_banglabert)
806071	Society	enhanced_cascade_cv(banglabert->enhanced_banglabert)
487580	None	enhanced_cascade_cv(banglabert->enhanced_banglabert)
747986	None	enhanced_cascade_cv(banglabert->enhanced_banglabert)
633199	Community	enhanced_cascade_cv(banglabert->enhanced_banglabert)
291974	None	enhanced_cascade_cv(banglabert->enhanced_banglabert)
393508	Organization	enhanced_cascade_cv(banglabert->enhanced_banglabert)
48773	Organization	enhanced_cascade_cv(banglabert->enhanced_banglabert)
825755	Society	enhanced_cascade_cv(banglabert->enhanced_banglabert)
832701	None	enhanced_cascade_cv(banglabert->enhanced_banglabert)
813713	None	enhanced_cascade_cv(banglabert->enhanced_banglabert)
628510	None	enhanced_cascade_cv(banglabert->enhanced_banglabert)
280650	None	enhanced_cascade_cv(banglabert->enhanced_banglabert)
848448	None	enhanced_cascade_cv(banglabert->enhanced_banglabert)
45499	None	enhanced_cascade_cv(banglabert->enhanced_banglabert)
334153	Individual	enhanced_cascade_cv(banglabert->enhanced_banglabert)
93565	Individual	enhanced_cascade_cv(banglabert->enhanced_banglabert)
103396	None	enhanced_cascade_cv(banglabert->enhanced_banglabert)
866150	Individual	enhanced_cascade_cv(banglabert->enhanced_banglabert)
664350	Society	enhanced_cascade_cv(banglabert->enhanced_banglabert)
484324	None	enhanced_cascade_cv(banglabert->enhanced_banglabert)
205386	None	enhanced_cascade_cv(banglabert->enhanced_banglabert)
559709	None	enhanced_cascade_cv(banglabert->enhanced_banglabert)
277969	Organization	enhanced_cascade_cv(banglabert->enhanced_banglabert)
894098	Individual	enhanced_cascade_cv(banglabert->enhanced_banglabert)
255790	None	enhanced_cascade_cv(banglabert->enhanced_banglabert)
575468	None	enhanced_cascade_cv(banglabert->enhanced_banglabert)
711644	None	enhanced_cascade_cv(banglabert->enhanced_banglabert)
336681	Society	enhanced_cascade_cv(banglabert->enhanced_banglabert)
160199	None	enhanced_cascade_cv(banglabert->enhanced_banglabert)
60462	None	enhanced_cascade_cv(banglabert->enhanced_banglabert)
842795	None	enhanced_cascade_cv(banglabert->enhanced_banglabert)
534433	None	enhanced_cascade_cv(banglabert->enhanced_banglabert)
431742	Individual	enhanced_cascade_cv(banglabert->enhanced_banglabert)
136545	Community	enhanced_cascade_cv(banglabert->enhanced_banglabert)
579541	None	enhanced_cascade_cv(banglabert->enhanced_banglabert)
499244	None	enhanced_cascade_cv(banglabert->enhanced_banglabert)
719788	None	enhanced_cascade_cv(banglabert->enhanced_banglabert)
448251	Society	enhanced_cascade_cv(banglabert->enhanced_banglabert)
465175	Organization	enhanced_cascade_cv(banglabert->enhanced_banglabert)
301951	None	enhanced_cascade_cv(banglabert->enhanced_banglabert)
292815	None	enhanced_cascade_cv(banglabert->enhanced_banglabert)
22587	Individual	enhanced_cascade_cv(banglabert->enhanced_banglabert)
574904	None	enhanced_cascade_cv(banglabert->enhanced_banglabert)
177589	None	enhanced_cascade_cv(banglabert->enhanced_banglabert)
471700	None	enhanced_cascade_cv(banglabert->enhanced_banglabert)
804066	None	enhanced_cascade_cv(banglabert->enhanced_banglabert)
930236	Individual	enhanced_cascade_cv(banglabert->enhanced_banglabert)
54502	None	enhanced_cascade_cv(banglabert->enhanced_banglabert)
823660	None	enhanced_cascade_cv(banglabert->enhanced_banglabert)
775457	None	enhanced_cascade_cv(banglabert->enhanced_banglabert)
136794	None	enhanced_cascade_cv(banglabert->enhanced_banglabert)
875714	Organization	enhanced_cascade_cv(banglabert->enhanced_banglabert)
938944	None	enhanced_cascade_cv(banglabert->enhanced_banglabert)
814786	None	enhanced_cascade_cv(banglabert->enhanced_banglabert)
271235	Organization	enhanced_cascade_cv(banglabert->enhanced_banglabert)
457839	None	enhanced_cascade_cv(banglabert->enhanced_banglabert)
702770	None	enhanced_cascade_cv(banglabert->enhanced_banglabert)
315726	Individual	enhanced_cascade_cv(banglabert->enhanced_banglabert)
623897	Organization	enhanced_cascade_cv(banglabert->enhanced_banglabert)
868097	Community	enhanced_cascade_cv(banglabert->enhanced_banglabert)
696872	Society	enhanced_cascade_cv(banglabert->enhanced_banglabert)
926301	None	enhanced_cascade_cv(banglabert->enhanced_banglabert)
841184	None	enhanced_cascade_cv(banglabert->enhanced_banglabert)
653425	None	enhanced_cascade_cv(banglabert->enhanced_banglabert)
458157	None	enhanced_cascade_cv(banglabert->enhanced_banglabert)
778865	None	enhanced_cascade_cv(banglabert->enhanced_banglabert)
102483	None	enhanced_cascade_cv(banglabert->enhanced_banglabert)
812839	Society	enhanced_cascade_cv(banglabert->enhanced_banglabert)
765043	None	enhanced_cascade_cv(banglabert->enhanced_banglabert)
688726	Individual	enhanced_cascade_cv(banglabert->enhanced_banglabert)
274836	None	enhanced_cascade_cv(banglabert->enhanced_banglabert)
588784	None	enhanced_cascade_cv(banglabert->enhanced_banglabert)
444189	None	enhanced_cascade_cv(banglabert->enhanced_banglabert)
96657	Individual	enhanced_cascade_cv(banglabert->enhanced_banglabert)
428897	None	enhanced_cascade_cv(banglabert->enhanced_banglabert)
452247	None	enhanced_cascade_cv(banglabert->enhanced_banglabert)
450854	None	enhanced_cascade_cv(banglabert->enhanced_banglabert)
783310	Organization	enhanced_cascade_cv(banglabert->enhanced_banglabert)
557948	Individual	enhanced_cascade_cv(banglabert->enhanced_banglabert)
13596	None	enhanced_cascade_cv(banglabert->enhanced_banglabert)
698973	Community	enhanced_cascade_cv(banglabert->enhanced_banglabert)
334302	None	enhanced_cascade_cv(banglabert->enhanced_banglabert)
332710	None	enhanced_cascade_cv(banglabert->enhanced_banglabert)
877626	Community	enhanced_cascade_cv(banglabert->enhanced_banglabert)
613070	Community	enhanced_cascade_cv(banglabert->enhanced_banglabert)
765379	None	enhanced_cascade_cv(banglabert->enhanced_banglabert)
205042	Organization	enhanced_cascade_cv(banglabert->enhanced_banglabert)
79577	None	enhanced_cascade_cv(banglabert->enhanced_banglabert)
375840	Community	enhanced_cascade_cv(banglabert->enhanced_banglabert)
621790	None	enhanced_cascade_cv(banglabert->enhanced_banglabert)
416094	None	enhanced_cascade_cv(banglabert->enhanced_banglabert)
906942	None	enhanced_cascade_cv(banglabert->enhanced_banglabert)
907600	None	enhanced_cascade_cv(banglabert->enhanced_banglabert)
387822	None	enhanced_cascade_cv(banglabert->enhanced_banglabert)
912318	None	enhanced_cascade_cv(banglabert->enhanced_banglabert)
715769	None	enhanced_cascade_cv(banglabert->enhanced_banglabert)
115266	Organization	enhanced_cascade_cv(banglabert->enhanced_banglabert)
359621	None	enhanced_cascade_cv(banglabert->enhanced_banglabert)
502011	None	enhanced_cascade_cv(banglabert->enhanced_banglabert)
8916	None	enhanced_cascade_cv(banglabert->enhanced_banglabert)
788091	None	enhanced_cascade_cv(banglabert->enhanced_banglabert)
53949	None	enhanced_cascade_cv(banglabert->enhanced_banglabert)
743341	Organization	enhanced_cascade_cv(banglabert->enhanced_banglabert)
173717	Individual	enhanced_cascade_cv(banglabert->enhanced_banglabert)
301208	Individual	enhanced_cascade_cv(banglabert->enhanced_banglabert)
53060	Individual	enhanced_cascade_cv(banglabert->enhanced_banglabert)
434313	None	enhanced_cascade_cv(banglabert->enhanced_banglabert)
704825	None	enhanced_cascade_cv(banglabert->enhanced_banglabert)
833372	None	enhanced_cascade_cv(banglabert->enhanced_banglabert)
103216	None	enhanced_cascade_cv(banglabert->enhanced_banglabert)
38708	None	enhanced_cascade_cv(banglabert->enhanced_banglabert)
823184	Society	enhanced_cascade_cv(banglabert->enhanced_banglabert)
717825	None	enhanced_cascade_cv(banglabert->enhanced_banglabert)
621058	None	enhanced_cascade_cv(banglabert->enhanced_banglabert)
339276	Organization	enhanced_cascade_cv(banglabert->enhanced_banglabert)
100344	None	enhanced_cascade_cv(banglabert->enhanced_banglabert)
621974	None	enhanced_cascade_cv(banglabert->enhanced_banglabert)
816458	Organization	enhanced_cascade_cv(banglabert->enhanced_banglabert)
686929	Individual	enhanced_cascade_cv(banglabert->enhanced_banglabert)
503923	None	enhanced_cascade_cv(banglabert->enhanced_banglabert)
136094	None	enhanced_cascade_cv(banglabert->enhanced_banglabert)
614900	None	enhanced_cascade_cv(banglabert->enhanced_banglabert)
151191	Organization	enhanced_cascade_cv(banglabert->enhanced_banglabert)
857651	Individual	enhanced_cascade_cv(banglabert->enhanced_banglabert)
813553	None	enhanced_cascade_cv(banglabert->enhanced_banglabert)
638381	Individual	enhanced_cascade_cv(banglabert->enhanced_banglabert)
461957	None	enhanced_cascade_cv(banglabert->enhanced_banglabert)
3050	None	enhanced_cascade_cv(banglabert->enhanced_banglabert)
674325	None	enhanced_cascade_cv(banglabert->enhanced_banglabert)
582779	None	enhanced_cascade_cv(banglabert->enhanced_banglabert)
422149	None	enhanced_cascade_cv(banglabert->enhanced_banglabert)
560191	None	enhanced_cascade_cv(banglabert->enhanced_banglabert)
276129	None	enhanced_cascade_cv(banglabert->enhanced_banglabert)
660322	None	enhanced_cascade_cv(banglabert->enhanced_banglabert)
576091	None	enhanced_cascade_cv(banglabert->enhanced_banglabert)
929412	None	enhanced_cascade_cv(banglabert->enhanced_banglabert)
610645	None	enhanced_cascade_cv(banglabert->enhanced_banglabert)
845453	None	enhanced_cascade_cv(banglabert->enhanced_banglabert)
534207	Individual	enhanced_cascade_cv(banglabert->enhanced_banglabert)
279670	None	enhanced_cascade_cv(banglabert->enhanced_banglabert)
8211	Organization	enhanced_cascade_cv(banglabert->enhanced_banglabert)
422483	Individual	enhanced_cascade_cv(banglabert->enhanced_banglabert)
201554	Organization	enhanced_cascade_cv(banglabert->enhanced_banglabert)
927564	Society	enhanced_cascade_cv(banglabert->enhanced_banglabert)
84613	None	enhanced_cascade_cv(banglabert->enhanced_banglabert)
883789	None	enhanced_cascade_cv(banglabert->enhanced_banglabert)
157085	Individual	enhanced_cascade_cv(banglabert->enhanced_banglabert)
636326	Community	enhanced_cascade_cv(banglabert->enhanced_banglabert)
27238	None	enhanced_cascade_cv(banglabert->enhanced_banglabert)
301302	Organization	enhanced_cascade_cv(banglabert->enhanced_banglabert)
225647	None	enhanced_cascade_cv(banglabert->enhanced_banglabert)
508257	Individual	enhanced_cascade_cv(banglabert->enhanced_banglabert)
828042	None	enhanced_cascade_cv(banglabert->enhanced_banglabert)
136261	None	enhanced_cascade_cv(banglabert->enhanced_banglabert)
184663	Community	enhanced_cascade_cv(banglabert->enhanced_banglabert)
260819	Organization	enhanced_cascade_cv(banglabert->enhanced_banglabert)
320771	None	enhanced_cascade_cv(banglabert->enhanced_banglabert)
844495	Individual	enhanced_cascade_cv(banglabert->enhanced_banglabert)
729147	Society	enhanced_cascade_cv(banglabert->enhanced_banglabert)
743037	None	enhanced_cascade_cv(banglabert->enhanced_banglabert)
900468	None	enhanced_cascade_cv(banglabert->enhanced_banglabert)
282801	None	enhanced_cascade_cv(banglabert->enhanced_banglabert)
146859	None	enhanced_cascade_cv(banglabert->enhanced_banglabert)
572067	Organization	enhanced_cascade_cv(banglabert->enhanced_banglabert)
820729	Society	enhanced_cascade_cv(banglabert->enhanced_banglabert)
916273	None	enhanced_cascade_cv(banglabert->enhanced_banglabert)
362728	None	enhanced_cascade_cv(banglabert->enhanced_banglabert)
785536	None	enhanced_cascade_cv(banglabert->enhanced_banglabert)
510199	Individual	enhanced_cascade_cv(banglabert->enhanced_banglabert)
602001	Community	enhanced_cascade_cv(banglabert->enhanced_banglabert)
455771	Community	enhanced_cascade_cv(banglabert->enhanced_banglabert)
314619	None	enhanced_cascade_cv(banglabert->enhanced_banglabert)
654236	Community	enhanced_cascade_cv(banglabert->enhanced_banglabert)
41825	Community	enhanced_cascade_cv(banglabert->enhanced_banglabert)
273692	None	enhanced_cascade_cv(banglabert->enhanced_banglabert)
516444	None	enhanced_cascade_cv(banglabert->enhanced_banglabert)
790177	None	enhanced_cascade_cv(banglabert->enhanced_banglabert)
568968	Individual	enhanced_cascade_cv(banglabert->enhanced_banglabert)
588029	None	enhanced_cascade_cv(banglabert->enhanced_banglabert)
394528	None	enhanced_cascade_cv(banglabert->enhanced_banglabert)
157640	None	enhanced_cascade_cv(banglabert->enhanced_banglabert)
348925	None	enhanced_cascade_cv(banglabert->enhanced_banglabert)
267892	None	enhanced_cascade_cv(banglabert->enhanced_banglabert)
390592	Organization	enhanced_cascade_cv(banglabert->enhanced_banglabert)
33767	None	enhanced_cascade_cv(banglabert->enhanced_banglabert)
103647	None	enhanced_cascade_cv(banglabert->enhanced_banglabert)
160816	None	enhanced_cascade_cv(banglabert->enhanced_banglabert)
426405	None	enhanced_cascade_cv(banglabert->enhanced_banglabert)
415104	None	enhanced_cascade_cv(banglabert->enhanced_banglabert)
934561	None	enhanced_cascade_cv(banglabert->enhanced_banglabert)
804104	Organization	enhanced_cascade_cv(banglabert->enhanced_banglabert)
114367	None	enhanced_cascade_cv(banglabert->enhanced_banglabert)
487158	Community	enhanced_cascade_cv(banglabert->enhanced_banglabert)
597402	None	enhanced_cascade_cv(banglabert->enhanced_banglabert)
602348	None	enhanced_cascade_cv(banglabert->enhanced_banglabert)
748229	None	enhanced_cascade_cv(banglabert->enhanced_banglabert)
360900	Society	enhanced_cascade_cv(banglabert->enhanced_banglabert)
766260	Organization	enhanced_cascade_cv(banglabert->enhanced_banglabert)
95028	None	enhanced_cascade_cv(banglabert->enhanced_banglabert)
4537	Individual	enhanced_cascade_cv(banglabert->enhanced_banglabert)
626559	None	enhanced_cascade_cv(banglabert->enhanced_banglabert)
742807	None	enhanced_cascade_cv(banglabert->enhanced_banglabert)
935564	Organization	enhanced_cascade_cv(banglabert->enhanced_banglabert)
49664	Society	enhanced_cascade_cv(banglabert->enhanced_banglabert)
332817	None	enhanced_cascade_cv(banglabert->enhanced_banglabert)
657618	None	enhanced_cascade_cv(banglabert->enhanced_banglabert)
682896	None	enhanced_cascade_cv(banglabert->enhanced_banglabert)
583961	Individual	enhanced_cascade_cv(banglabert->enhanced_banglabert)
56204	Individual	enhanced_cascade_cv(banglabert->enhanced_banglabert)
861101	None	enhanced_cascade_cv(banglabert->enhanced_banglabert)
816088	Society	enhanced_cascade_cv(banglabert->enhanced_banglabert)
596947	Individual	enhanced_cascade_cv(banglabert->enhanced_banglabert)
35763	None	enhanced_cascade_cv(banglabert->enhanced_banglabert)
441727	None	enhanced_cascade_cv(banglabert->enhanced_banglabert)
509376	Society	enhanced_cascade_cv(banglabert->enhanced_banglabert)
601134	Organization	enhanced_cascade_cv(banglabert->enhanced_banglabert)
321412	None	enhanced_cascade_cv(banglabert->enhanced_banglabert)
792470	None	enhanced_cascade_cv(banglabert->enhanced_banglabert)
86277	None	enhanced_cascade_cv(banglabert->enhanced_banglabert)
670330	None	enhanced_cascade_cv(banglabert->enhanced_banglabert)
687332	None	enhanced_cascade_cv(banglabert->enhanced_banglabert)
830544	None	enhanced_cascade_cv(banglabert->enhanced_banglabert)
851447	Community	enhanced_cascade_cv(banglabert->enhanced_banglabert)
333618	Individual	enhanced_cascade_cv(banglabert->enhanced_banglabert)
778102	None	enhanced_cascade_cv(banglabert->enhanced_banglabert)
891964	Organization	enhanced_cascade_cv(banglabert->enhanced_banglabert)
484737	None	enhanced_cascade_cv(banglabert->enhanced_banglabert)
573692	Individual	enhanced_cascade_cv(banglabert->enhanced_banglabert)
730950	None	enhanced_cascade_cv(banglabert->enhanced_banglabert)
246433	None	enhanced_cascade_cv(banglabert->enhanced_banglabert)
682873	Individual	enhanced_cascade_cv(banglabert->enhanced_banglabert)
395061	None	enhanced_cascade_cv(banglabert->enhanced_banglabert)
68902	Organization	enhanced_cascade_cv(banglabert->enhanced_banglabert)
99514	None	enhanced_cascade_cv(banglabert->enhanced_banglabert)
326993	None	enhanced_cascade_cv(banglabert->enhanced_banglabert)
813381	None	enhanced_cascade_cv(banglabert->enhanced_banglabert)
171914	None	enhanced_cascade_cv(banglabert->enhanced_banglabert)
278385	Individual	enhanced_cascade_cv(banglabert->enhanced_banglabert)
878840	None	enhanced_cascade_cv(banglabert->enhanced_banglabert)
624224	None	enhanced_cascade_cv(banglabert->enhanced_banglabert)
208938	Society	enhanced_cascade_cv(banglabert->enhanced_banglabert)
821083	None	enhanced_cascade_cv(banglabert->enhanced_banglabert)
51737	None	enhanced_cascade_cv(banglabert->enhanced_banglabert)
310267	Individual	enhanced_cascade_cv(banglabert->enhanced_banglabert)
610440	None	enhanced_cascade_cv(banglabert->enhanced_banglabert)
287375	None	enhanced_cascade_cv(banglabert->enhanced_banglabert)
767104	None	enhanced_cascade_cv(banglabert->enhanced_banglabert)
646050	None	enhanced_cascade_cv(banglabert->enhanced_banglabert)
629714	Community	enhanced_cascade_cv(banglabert->enhanced_banglabert)
645705	Community	enhanced_cascade_cv(banglabert->enhanced_banglabert)
841185	None	enhanced_cascade_cv(banglabert->enhanced_banglabert)
537952	None	enhanced_cascade_cv(banglabert->enhanced_banglabert)
429469	None	enhanced_cascade_cv(banglabert->enhanced_banglabert)
454168	Organization	enhanced_cascade_cv(banglabert->enhanced_banglabert)
312920	None	enhanced_cascade_cv(banglabert->enhanced_banglabert)
876932	None	enhanced_cascade_cv(banglabert->enhanced_banglabert)
502862	None	enhanced_cascade_cv(banglabert->enhanced_banglabert)
225623	Organization	enhanced_cascade_cv(banglabert->enhanced_banglabert)
457310	None	enhanced_cascade_cv(banglabert->enhanced_banglabert)
881144	Individual	enhanced_cascade_cv(banglabert->enhanced_banglabert)
397367	Society	enhanced_cascade_cv(banglabert->enhanced_banglabert)
148513	None	enhanced_cascade_cv(banglabert->enhanced_banglabert)
134781	None	enhanced_cascade_cv(banglabert->enhanced_banglabert)
626757	None	enhanced_cascade_cv(banglabert->enhanced_banglabert)
380702	None	enhanced_cascade_cv(banglabert->enhanced_banglabert)
228882	Community	enhanced_cascade_cv(banglabert->enhanced_banglabert)
764313	Society	enhanced_cascade_cv(banglabert->enhanced_banglabert)
64543	Organization	enhanced_cascade_cv(banglabert->enhanced_banglabert)
563101	Organization	enhanced_cascade_cv(banglabert->enhanced_banglabert)
692558	None	enhanced_cascade_cv(banglabert->enhanced_banglabert)
37238	None	enhanced_cascade_cv(banglabert->enhanced_banglabert)
332204	None	enhanced_cascade_cv(banglabert->enhanced_banglabert)
201393	Organization	enhanced_cascade_cv(banglabert->enhanced_banglabert)
296747	None	enhanced_cascade_cv(banglabert->enhanced_banglabert)
830793	Society	enhanced_cascade_cv(banglabert->enhanced_banglabert)
845825	Individual	enhanced_cascade_cv(banglabert->enhanced_banglabert)
653118	Organization	enhanced_cascade_cv(banglabert->enhanced_banglabert)
586993	None	enhanced_cascade_cv(banglabert->enhanced_banglabert)
207127	Individual	enhanced_cascade_cv(banglabert->enhanced_banglabert)
185297	None	enhanced_cascade_cv(banglabert->enhanced_banglabert)
384599	None	enhanced_cascade_cv(banglabert->enhanced_banglabert)
250757	None	enhanced_cascade_cv(banglabert->enhanced_banglabert)
674011	None	enhanced_cascade_cv(banglabert->enhanced_banglabert)
568778	None	enhanced_cascade_cv(banglabert->enhanced_banglabert)
481347	None	enhanced_cascade_cv(banglabert->enhanced_banglabert)
288108	Organization	enhanced_cascade_cv(banglabert->enhanced_banglabert)
814045	None	enhanced_cascade_cv(banglabert->enhanced_banglabert)
836563	Individual	enhanced_cascade_cv(banglabert->enhanced_banglabert)
41934	Organization	enhanced_cascade_cv(banglabert->enhanced_banglabert)
870959	None	enhanced_cascade_cv(banglabert->enhanced_banglabert)
681972	None	enhanced_cascade_cv(banglabert->enhanced_banglabert)
577353	None	enhanced_cascade_cv(banglabert->enhanced_banglabert)
92820	None	enhanced_cascade_cv(banglabert->enhanced_banglabert)
592507	None	enhanced_cascade_cv(banglabert->enhanced_banglabert)
838458	None	enhanced_cascade_cv(banglabert->enhanced_banglabert)
665334	None	enhanced_cascade_cv(banglabert->enhanced_banglabert)
192044	Individual	enhanced_cascade_cv(banglabert->enhanced_banglabert)
16230	Individual	enhanced_cascade_cv(banglabert->enhanced_banglabert)
347271	None	enhanced_cascade_cv(banglabert->enhanced_banglabert)
565737	None	enhanced_cascade_cv(banglabert->enhanced_banglabert)
400315	None	enhanced_cascade_cv(banglabert->enhanced_banglabert)
845313	Individual	enhanced_cascade_cv(banglabert->enhanced_banglabert)
874169	None	enhanced_cascade_cv(banglabert->enhanced_banglabert)
805648	None	enhanced_cascade_cv(banglabert->enhanced_banglabert)
780400	None	enhanced_cascade_cv(banglabert->enhanced_banglabert)
676984	Organization	enhanced_cascade_cv(banglabert->enhanced_banglabert)
680565	None	enhanced_cascade_cv(banglabert->enhanced_banglabert)
224020	Individual	enhanced_cascade_cv(banglabert->enhanced_banglabert)
503050	None	enhanced_cascade_cv(banglabert->enhanced_banglabert)
596727	Community	enhanced_cascade_cv(banglabert->enhanced_banglabert)
745868	None	enhanced_cascade_cv(banglabert->enhanced_banglabert)
181974	Organization	enhanced_cascade_cv(banglabert->enhanced_banglabert)
660131	None	enhanced_cascade_cv(banglabert->enhanced_banglabert)
681272	None	enhanced_cascade_cv(banglabert->enhanced_banglabert)
806115	None	enhanced_cascade_cv(banglabert->enhanced_banglabert)
829990	None	enhanced_cascade_cv(banglabert->enhanced_banglabert)
207084	Individual	enhanced_cascade_cv(banglabert->enhanced_banglabert)
45526	Individual	enhanced_cascade_cv(banglabert->enhanced_banglabert)
384502	None	enhanced_cascade_cv(banglabert->enhanced_banglabert)
67299	None	enhanced_cascade_cv(banglabert->enhanced_banglabert)
183338	None	enhanced_cascade_cv(banglabert->enhanced_banglabert)
412667	Individual	enhanced_cascade_cv(banglabert->enhanced_banglabert)
485086	None	enhanced_cascade_cv(banglabert->enhanced_banglabert)
302738	None	enhanced_cascade_cv(banglabert->enhanced_banglabert)
203961	Organization	enhanced_cascade_cv(banglabert->enhanced_banglabert)
640149	None	enhanced_cascade_cv(banglabert->enhanced_banglabert)
863596	None	enhanced_cascade_cv(banglabert->enhanced_banglabert)
760544	None	enhanced_cascade_cv(banglabert->enhanced_banglabert)
821927	None	enhanced_cascade_cv(banglabert->enhanced_banglabert)
213646	Organization	enhanced_cascade_cv(banglabert->enhanced_banglabert)
521550	None	enhanced_cascade_cv(banglabert->enhanced_banglabert)
756585	None	enhanced_cascade_cv(banglabert->enhanced_banglabert)
546219	None	enhanced_cascade_cv(banglabert->enhanced_banglabert)
384145	None	enhanced_cascade_cv(banglabert->enhanced_banglabert)
651042	None	enhanced_cascade_cv(banglabert->enhanced_banglabert)
3884	None	enhanced_cascade_cv(banglabert->enhanced_banglabert)
849693	Organization	enhanced_cascade_cv(banglabert->enhanced_banglabert)
450080	None	enhanced_cascade_cv(banglabert->enhanced_banglabert)
316710	Community	enhanced_cascade_cv(banglabert->enhanced_banglabert)
213786	None	enhanced_cascade_cv(banglabert->enhanced_banglabert)
16106	None	enhanced_cascade_cv(banglabert->enhanced_banglabert)
403861	None	enhanced_cascade_cv(banglabert->enhanced_banglabert)
626776	None	enhanced_cascade_cv(banglabert->enhanced_banglabert)
797572	Community	enhanced_cascade_cv(banglabert->enhanced_banglabert)
786348	None	enhanced_cascade_cv(banglabert->enhanced_banglabert)
391499	None	enhanced_cascade_cv(banglabert->enhanced_banglabert)
415302	None	enhanced_cascade_cv(banglabert->enhanced_banglabert)
574160	None	enhanced_cascade_cv(banglabert->enhanced_banglabert)
214005	Individual	enhanced_cascade_cv(banglabert->enhanced_banglabert)
153930	None	enhanced_cascade_cv(banglabert->enhanced_banglabert)
73055	Organization	enhanced_cascade_cv(banglabert->enhanced_banglabert)
3685	None	enhanced_cascade_cv(banglabert->enhanced_banglabert)
837050	Community	enhanced_cascade_cv(banglabert->enhanced_banglabert)
61904	None	enhanced_cascade_cv(banglabert->enhanced_banglabert)
198557	None	enhanced_cascade_cv(banglabert->enhanced_banglabert)
498997	Individual	enhanced_cascade_cv(banglabert->enhanced_banglabert)
193809	None	enhanced_cascade_cv(banglabert->enhanced_banglabert)
748796	None	enhanced_cascade_cv(banglabert->enhanced_banglabert)
911814	None	enhanced_cascade_cv(banglabert->enhanced_banglabert)
47629	None	enhanced_cascade_cv(banglabert->enhanced_banglabert)
78765	None	enhanced_cascade_cv(banglabert->enhanced_banglabert)
170734	Individual	enhanced_cascade_cv(banglabert->enhanced_banglabert)
797101	Community	enhanced_cascade_cv(banglabert->enhanced_banglabert)
306050	Organization	enhanced_cascade_cv(banglabert->enhanced_banglabert)
540555	None	enhanced_cascade_cv(banglabert->enhanced_banglabert)
573177	None	enhanced_cascade_cv(banglabert->enhanced_banglabert)
16318	Individual	enhanced_cascade_cv(banglabert->enhanced_banglabert)
772051	None	enhanced_cascade_cv(banglabert->enhanced_banglabert)
743450	None	enhanced_cascade_cv(banglabert->enhanced_banglabert)
93486	None	enhanced_cascade_cv(banglabert->enhanced_banglabert)
204987	None	enhanced_cascade_cv(banglabert->enhanced_banglabert)
864370	None	enhanced_cascade_cv(banglabert->enhanced_banglabert)
537989	None	enhanced_cascade_cv(banglabert->enhanced_banglabert)
161323	None	enhanced_cascade_cv(banglabert->enhanced_banglabert)
768666	Society	enhanced_cascade_cv(banglabert->enhanced_banglabert)
712587	None	enhanced_cascade_cv(banglabert->enhanced_banglabert)
87624	None	enhanced_cascade_cv(banglabert->enhanced_banglabert)
622514	None	enhanced_cascade_cv(banglabert->enhanced_banglabert)
110401	None	enhanced_cascade_cv(banglabert->enhanced_banglabert)
576806	None	enhanced_cascade_cv(banglabert->enhanced_banglabert)
176578	None	enhanced_cascade_cv(banglabert->enhanced_banglabert)
402835	Organization	enhanced_cascade_cv(banglabert->enhanced_banglabert)
347841	Individual	enhanced_cascade_cv(banglabert->enhanced_banglabert)
783575	None	enhanced_cascade_cv(banglabert->enhanced_banglabert)
193923	None	enhanced_cascade_cv(banglabert->enhanced_banglabert)
407816	None	enhanced_cascade_cv(banglabert->enhanced_banglabert)
754902	Community	enhanced_cascade_cv(banglabert->enhanced_banglabert)
869425	Individual	enhanced_cascade_cv(banglabert->enhanced_banglabert)
225853	Organization	enhanced_cascade_cv(banglabert->enhanced_banglabert)
279642	None	enhanced_cascade_cv(banglabert->enhanced_banglabert)
592407	None	enhanced_cascade_cv(banglabert->enhanced_banglabert)
361078	None	enhanced_cascade_cv(banglabert->enhanced_banglabert)
873621	None	enhanced_cascade_cv(banglabert->enhanced_banglabert)
842492	None	enhanced_cascade_cv(banglabert->enhanced_banglabert)
188130	Organization	enhanced_cascade_cv(banglabert->enhanced_banglabert)
920004	None	enhanced_cascade_cv(banglabert->enhanced_banglabert)
356369	Society	enhanced_cascade_cv(banglabert->enhanced_banglabert)
638332	None	enhanced_cascade_cv(banglabert->enhanced_banglabert)
339871	None	enhanced_cascade_cv(banglabert->enhanced_banglabert)
422897	None	enhanced_cascade_cv(banglabert->enhanced_banglabert)
689215	None	enhanced_cascade_cv(banglabert->enhanced_banglabert)
192113	Individual	enhanced_cascade_cv(banglabert->enhanced_banglabert)
370198	Society	enhanced_cascade_cv(banglabert->enhanced_banglabert)
237652	Organization	enhanced_cascade_cv(banglabert->enhanced_banglabert)
502483	None	enhanced_cascade_cv(banglabert->enhanced_banglabert)
404032	None	enhanced_cascade_cv(banglabert->enhanced_banglabert)
706865	None	enhanced_cascade_cv(banglabert->enhanced_banglabert)
528970	None	enhanced_cascade_cv(banglabert->enhanced_banglabert)
511557	None	enhanced_cascade_cv(banglabert->enhanced_banglabert)
288760	Organization	enhanced_cascade_cv(banglabert->enhanced_banglabert)
930584	None	enhanced_cascade_cv(banglabert->enhanced_banglabert)
716604	Community	enhanced_cascade_cv(banglabert->enhanced_banglabert)
209132	Individual	enhanced_cascade_cv(banglabert->enhanced_banglabert)
643463	Organization	enhanced_cascade_cv(banglabert->enhanced_banglabert)
449380	None	enhanced_cascade_cv(banglabert->enhanced_banglabert)
462089	Individual	enhanced_cascade_cv(banglabert->enhanced_banglabert)
807418	None	enhanced_cascade_cv(banglabert->enhanced_banglabert)
844999	Society	enhanced_cascade_cv(banglabert->enhanced_banglabert)
116809	None	enhanced_cascade_cv(banglabert->enhanced_banglabert)
798398	None	enhanced_cascade_cv(banglabert->enhanced_banglabert)
571713	Organization	enhanced_cascade_cv(banglabert->enhanced_banglabert)
104993	Organization	enhanced_cascade_cv(banglabert->enhanced_banglabert)
73504	None	enhanced_cascade_cv(banglabert->enhanced_banglabert)
744976	None	enhanced_cascade_cv(banglabert->enhanced_banglabert)
786776	Society	enhanced_cascade_cv(banglabert->enhanced_banglabert)
517151	None	enhanced_cascade_cv(banglabert->enhanced_banglabert)
228467	None	enhanced_cascade_cv(banglabert->enhanced_banglabert)
711529	None	enhanced_cascade_cv(banglabert->enhanced_banglabert)
133630	None	enhanced_cascade_cv(banglabert->enhanced_banglabert)
892817	Individual	enhanced_cascade_cv(banglabert->enhanced_banglabert)
15587	Organization	enhanced_cascade_cv(banglabert->enhanced_banglabert)
746885	None	enhanced_cascade_cv(banglabert->enhanced_banglabert)
388610	None	enhanced_cascade_cv(banglabert->enhanced_banglabert)
569875	None	enhanced_cascade_cv(banglabert->enhanced_banglabert)
619363	None	enhanced_cascade_cv(banglabert->enhanced_banglabert)
232667	Community	enhanced_cascade_cv(banglabert->enhanced_banglabert)
203527	None	enhanced_cascade_cv(banglabert->enhanced_banglabert)
177262	None	enhanced_cascade_cv(banglabert->enhanced_banglabert)
484446	None	enhanced_cascade_cv(banglabert->enhanced_banglabert)
397335	Individual	enhanced_cascade_cv(banglabert->enhanced_banglabert)
344074	None	enhanced_cascade_cv(banglabert->enhanced_banglabert)
112702	Organization	enhanced_cascade_cv(banglabert->enhanced_banglabert)
316577	None	enhanced_cascade_cv(banglabert->enhanced_banglabert)
185341	Individual	enhanced_cascade_cv(banglabert->enhanced_banglabert)
778849	None	enhanced_cascade_cv(banglabert->enhanced_banglabert)
226116	Individual	enhanced_cascade_cv(banglabert->enhanced_banglabert)
627599	None	enhanced_cascade_cv(banglabert->enhanced_banglabert)
915497	Individual	enhanced_cascade_cv(banglabert->enhanced_banglabert)
19709	Individual	enhanced_cascade_cv(banglabert->enhanced_banglabert)
904157	None	enhanced_cascade_cv(banglabert->enhanced_banglabert)
445126	None	enhanced_cascade_cv(banglabert->enhanced_banglabert)
795550	None	enhanced_cascade_cv(banglabert->enhanced_banglabert)
358359	None	enhanced_cascade_cv(banglabert->enhanced_banglabert)
869256	Individual	enhanced_cascade_cv(banglabert->enhanced_banglabert)
912382	None	enhanced_cascade_cv(banglabert->enhanced_banglabert)
334303	None	enhanced_cascade_cv(banglabert->enhanced_banglabert)
572465	None	enhanced_cascade_cv(banglabert->enhanced_banglabert)
792708	None	enhanced_cascade_cv(banglabert->enhanced_banglabert)
829977	None	enhanced_cascade_cv(banglabert->enhanced_banglabert)
10084	None	enhanced_cascade_cv(banglabert->enhanced_banglabert)
114377	Organization	enhanced_cascade_cv(banglabert->enhanced_banglabert)
174499	Individual	enhanced_cascade_cv(banglabert->enhanced_banglabert)
772600	None	enhanced_cascade_cv(banglabert->enhanced_banglabert)
815939	None	enhanced_cascade_cv(banglabert->enhanced_banglabert)
210779	Organization	enhanced_cascade_cv(banglabert->enhanced_banglabert)
232512	Individual	enhanced_cascade_cv(banglabert->enhanced_banglabert)
752965	None	enhanced_cascade_cv(banglabert->enhanced_banglabert)
902112	None	enhanced_cascade_cv(banglabert->enhanced_banglabert)
386496	None	enhanced_cascade_cv(banglabert->enhanced_banglabert)
888381	Individual	enhanced_cascade_cv(banglabert->enhanced_banglabert)
549623	None	enhanced_cascade_cv(banglabert->enhanced_banglabert)
387440	Organization	enhanced_cascade_cv(banglabert->enhanced_banglabert)
205075	None	enhanced_cascade_cv(banglabert->enhanced_banglabert)
443396	Society	enhanced_cascade_cv(banglabert->enhanced_banglabert)
286646	None	enhanced_cascade_cv(banglabert->enhanced_banglabert)
233281	Organization	enhanced_cascade_cv(banglabert->enhanced_banglabert)
76617	Organization	enhanced_cascade_cv(banglabert->enhanced_banglabert)
844136	None	enhanced_cascade_cv(banglabert->enhanced_banglabert)
614346	None	enhanced_cascade_cv(banglabert->enhanced_banglabert)
650675	Individual	enhanced_cascade_cv(banglabert->enhanced_banglabert)
710487	Community	enhanced_cascade_cv(banglabert->enhanced_banglabert)
639974	None	enhanced_cascade_cv(banglabert->enhanced_banglabert)
120461	None	enhanced_cascade_cv(banglabert->enhanced_banglabert)
779200	Individual	enhanced_cascade_cv(banglabert->enhanced_banglabert)
24935	None	enhanced_cascade_cv(banglabert->enhanced_banglabert)
656921	None	enhanced_cascade_cv(banglabert->enhanced_banglabert)
697637	None	enhanced_cascade_cv(banglabert->enhanced_banglabert)
241306	None	enhanced_cascade_cv(banglabert->enhanced_banglabert)
320725	None	enhanced_cascade_cv(banglabert->enhanced_banglabert)
817929	None	enhanced_cascade_cv(banglabert->enhanced_banglabert)
428614	None	enhanced_cascade_cv(banglabert->enhanced_banglabert)
265909	None	enhanced_cascade_cv(banglabert->enhanced_banglabert)
846600	Society	enhanced_cascade_cv(banglabert->enhanced_banglabert)
557248	None	enhanced_cascade_cv(banglabert->enhanced_banglabert)
73633	None	enhanced_cascade_cv(banglabert->enhanced_banglabert)
259403	None	enhanced_cascade_cv(banglabert->enhanced_banglabert)
792206	None	enhanced_cascade_cv(banglabert->enhanced_banglabert)
8453	None	enhanced_cascade_cv(banglabert->enhanced_banglabert)
312281	None	enhanced_cascade_cv(banglabert->enhanced_banglabert)
242867	Individual	enhanced_cascade_cv(banglabert->enhanced_banglabert)
184018	None	enhanced_cascade_cv(banglabert->enhanced_banglabert)
122742	None	enhanced_cascade_cv(banglabert->enhanced_banglabert)
315150	None	enhanced_cascade_cv(banglabert->enhanced_banglabert)
807931	Society	enhanced_cascade_cv(banglabert->enhanced_banglabert)
857167	None	enhanced_cascade_cv(banglabert->enhanced_banglabert)
244090	Individual	enhanced_cascade_cv(banglabert->enhanced_banglabert)
683490	None	enhanced_cascade_cv(banglabert->enhanced_banglabert)
149901	Organization	enhanced_cascade_cv(banglabert->enhanced_banglabert)
665915	None	enhanced_cascade_cv(banglabert->enhanced_banglabert)
667068	None	enhanced_cascade_cv(banglabert->enhanced_banglabert)
291602	Individual	enhanced_cascade_cv(banglabert->enhanced_banglabert)
29995	Organization	enhanced_cascade_cv(banglabert->enhanced_banglabert)
711354	None	enhanced_cascade_cv(banglabert->enhanced_banglabert)
317863	None	enhanced_cascade_cv(banglabert->enhanced_banglabert)
384929	None	enhanced_cascade_cv(banglabert->enhanced_banglabert)
620146	None	enhanced_cascade_cv(banglabert->enhanced_banglabert)
879389	None	enhanced_cascade_cv(banglabert->enhanced_banglabert)
438732	None	enhanced_cascade_cv(banglabert->enhanced_banglabert)
602579	Individual	enhanced_cascade_cv(banglabert->enhanced_banglabert)
138734	None	enhanced_cascade_cv(banglabert->enhanced_banglabert)
489540	None	enhanced_cascade_cv(banglabert->enhanced_banglabert)
183626	None	enhanced_cascade_cv(banglabert->enhanced_banglabert)
411408	None	enhanced_cascade_cv(banglabert->enhanced_banglabert)
342776	None	enhanced_cascade_cv(banglabert->enhanced_banglabert)
366955	None	enhanced_cascade_cv(banglabert->enhanced_banglabert)
34917	None	enhanced_cascade_cv(banglabert->enhanced_banglabert)
135629	Individual	enhanced_cascade_cv(banglabert->enhanced_banglabert)
580182	Organization	enhanced_cascade_cv(banglabert->enhanced_banglabert)
384710	None	enhanced_cascade_cv(banglabert->enhanced_banglabert)
797535	None	enhanced_cascade_cv(banglabert->enhanced_banglabert)
872350	None	enhanced_cascade_cv(banglabert->enhanced_banglabert)
928365	None	enhanced_cascade_cv(banglabert->enhanced_banglabert)
850189	None	enhanced_cascade_cv(banglabert->enhanced_banglabert)
701965	None	enhanced_cascade_cv(banglabert->enhanced_banglabert)
696396	None	enhanced_cascade_cv(banglabert->enhanced_banglabert)
930963	None	enhanced_cascade_cv(banglabert->enhanced_banglabert)
367753	Society	enhanced_cascade_cv(banglabert->enhanced_banglabert)
808574	Organization	enhanced_cascade_cv(banglabert->enhanced_banglabert)
508367	None	enhanced_cascade_cv(banglabert->enhanced_banglabert)
762552	None	enhanced_cascade_cv(banglabert->enhanced_banglabert)
923107	None	enhanced_cascade_cv(banglabert->enhanced_banglabert)
103677	Individual	enhanced_cascade_cv(banglabert->enhanced_banglabert)
764559	Society	enhanced_cascade_cv(banglabert->enhanced_banglabert)
186027	Individual	enhanced_cascade_cv(banglabert->enhanced_banglabert)
730417	None	enhanced_cascade_cv(banglabert->enhanced_banglabert)
547096	Organization	enhanced_cascade_cv(banglabert->enhanced_banglabert)
589698	None	enhanced_cascade_cv(banglabert->enhanced_banglabert)
932119	None	enhanced_cascade_cv(banglabert->enhanced_banglabert)
361130	None	enhanced_cascade_cv(banglabert->enhanced_banglabert)
771994	None	enhanced_cascade_cv(banglabert->enhanced_banglabert)
800273	None	enhanced_cascade_cv(banglabert->enhanced_banglabert)
929113	None	enhanced_cascade_cv(banglabert->enhanced_banglabert)
612681	None	enhanced_cascade_cv(banglabert->enhanced_banglabert)
540886	Community	enhanced_cascade_cv(banglabert->enhanced_banglabert)
76530	None	enhanced_cascade_cv(banglabert->enhanced_banglabert)
368360	Society	enhanced_cascade_cv(banglabert->enhanced_banglabert)
42627	Individual	enhanced_cascade_cv(banglabert->enhanced_banglabert)
655922	None	enhanced_cascade_cv(banglabert->enhanced_banglabert)
830422	None	enhanced_cascade_cv(banglabert->enhanced_banglabert)
707371	None	enhanced_cascade_cv(banglabert->enhanced_banglabert)
624343	Community	enhanced_cascade_cv(banglabert->enhanced_banglabert)
315838	None	enhanced_cascade_cv(banglabert->enhanced_banglabert)
663306	None	enhanced_cascade_cv(banglabert->enhanced_banglabert)
341734	None	enhanced_cascade_cv(banglabert->enhanced_banglabert)
587897	None	enhanced_cascade_cv(banglabert->enhanced_banglabert)
731597	Society	enhanced_cascade_cv(banglabert->enhanced_banglabert)
878430	None	enhanced_cascade_cv(banglabert->enhanced_banglabert)
157600	None	enhanced_cascade_cv(banglabert->enhanced_banglabert)
282324	Organization	enhanced_cascade_cv(banglabert->enhanced_banglabert)
110982	Organization	enhanced_cascade_cv(banglabert->enhanced_banglabert)
256834	Individual	enhanced_cascade_cv(banglabert->enhanced_banglabert)
460441	None	enhanced_cascade_cv(banglabert->enhanced_banglabert)
502882	None	enhanced_cascade_cv(banglabert->enhanced_banglabert)
270483	None	enhanced_cascade_cv(banglabert->enhanced_banglabert)
564502	None	enhanced_cascade_cv(banglabert->enhanced_banglabert)
545027	None	enhanced_cascade_cv(banglabert->enhanced_banglabert)
705820	None	enhanced_cascade_cv(banglabert->enhanced_banglabert)
223074	None	enhanced_cascade_cv(banglabert->enhanced_banglabert)
712563	None	enhanced_cascade_cv(banglabert->enhanced_banglabert)
786291	Organization	enhanced_cascade_cv(banglabert->enhanced_banglabert)
406086	None	enhanced_cascade_cv(banglabert->enhanced_banglabert)
212373	Organization	enhanced_cascade_cv(banglabert->enhanced_banglabert)
772011	Individual	enhanced_cascade_cv(banglabert->enhanced_banglabert)
62598	Organization	enhanced_cascade_cv(banglabert->enhanced_banglabert)
759710	Society	enhanced_cascade_cv(banglabert->enhanced_banglabert)
124726	None	enhanced_cascade_cv(banglabert->enhanced_banglabert)
885039	None	enhanced_cascade_cv(banglabert->enhanced_banglabert)
890300	None	enhanced_cascade_cv(banglabert->enhanced_banglabert)
837166	None	enhanced_cascade_cv(banglabert->enhanced_banglabert)
261577	None	enhanced_cascade_cv(banglabert->enhanced_banglabert)
852824	None	enhanced_cascade_cv(banglabert->enhanced_banglabert)
773153	None	enhanced_cascade_cv(banglabert->enhanced_banglabert)
325882	Organization	enhanced_cascade_cv(banglabert->enhanced_banglabert)
539356	None	enhanced_cascade_cv(banglabert->enhanced_banglabert)
685958	None	enhanced_cascade_cv(banglabert->enhanced_banglabert)
443019	None	enhanced_cascade_cv(banglabert->enhanced_banglabert)
522542	None	enhanced_cascade_cv(banglabert->enhanced_banglabert)
100317	Individual	enhanced_cascade_cv(banglabert->enhanced_banglabert)
697605	None	enhanced_cascade_cv(banglabert->enhanced_banglabert)
188408	Community	enhanced_cascade_cv(banglabert->enhanced_banglabert)
831237	None	enhanced_cascade_cv(banglabert->enhanced_banglabert)
342024	None	enhanced_cascade_cv(banglabert->enhanced_banglabert)
771583	None	enhanced_cascade_cv(banglabert->enhanced_banglabert)
648562	None	enhanced_cascade_cv(banglabert->enhanced_banglabert)
726880	Society	enhanced_cascade_cv(banglabert->enhanced_banglabert)
456802	None	enhanced_cascade_cv(banglabert->enhanced_banglabert)
840797	Individual	enhanced_cascade_cv(banglabert->enhanced_banglabert)
507214	None	enhanced_cascade_cv(banglabert->enhanced_banglabert)
581617	None	enhanced_cascade_cv(banglabert->enhanced_banglabert)
498531	Society	enhanced_cascade_cv(banglabert->enhanced_banglabert)
668888	Community	enhanced_cascade_cv(banglabert->enhanced_banglabert)
794630	None	enhanced_cascade_cv(banglabert->enhanced_banglabert)
57793	Organization	enhanced_cascade_cv(banglabert->enhanced_banglabert)
349916	None	enhanced_cascade_cv(banglabert->enhanced_banglabert)
145312	None	enhanced_cascade_cv(banglabert->enhanced_banglabert)
645718	None	enhanced_cascade_cv(banglabert->enhanced_banglabert)
315530	Community	enhanced_cascade_cv(banglabert->enhanced_banglabert)
85788	None	enhanced_cascade_cv(banglabert->enhanced_banglabert)
374045	Community	enhanced_cascade_cv(banglabert->enhanced_banglabert)
18416	None	enhanced_cascade_cv(banglabert->enhanced_banglabert)
85902	None	enhanced_cascade_cv(banglabert->enhanced_banglabert)
2092	None	enhanced_cascade_cv(banglabert->enhanced_banglabert)
632466	None	enhanced_cascade_cv(banglabert->enhanced_banglabert)
808144	None	enhanced_cascade_cv(banglabert->enhanced_banglabert)
707345	None	enhanced_cascade_cv(banglabert->enhanced_banglabert)
290261	None	enhanced_cascade_cv(banglabert->enhanced_banglabert)
586553	None	enhanced_cascade_cv(banglabert->enhanced_banglabert)
287270	Organization	enhanced_cascade_cv(banglabert->enhanced_banglabert)
922568	None	enhanced_cascade_cv(banglabert->enhanced_banglabert)
536512	Individual	enhanced_cascade_cv(banglabert->enhanced_banglabert)
45254	Community	enhanced_cascade_cv(banglabert->enhanced_banglabert)
384075	Individual	enhanced_cascade_cv(banglabert->enhanced_banglabert)
208604	None	enhanced_cascade_cv(banglabert->enhanced_banglabert)
375127	Society	enhanced_cascade_cv(banglabert->enhanced_banglabert)
772083	None	enhanced_cascade_cv(banglabert->enhanced_banglabert)
776108	None	enhanced_cascade_cv(banglabert->enhanced_banglabert)
201534	Organization	enhanced_cascade_cv(banglabert->enhanced_banglabert)
498295	None	enhanced_cascade_cv(banglabert->enhanced_banglabert)
147804	None	enhanced_cascade_cv(banglabert->enhanced_banglabert)
574997	Individual	enhanced_cascade_cv(banglabert->enhanced_banglabert)
46159	None	enhanced_cascade_cv(banglabert->enhanced_banglabert)
263079	None	enhanced_cascade_cv(banglabert->enhanced_banglabert)
66135	Individual	enhanced_cascade_cv(banglabert->enhanced_banglabert)
754006	None	enhanced_cascade_cv(banglabert->enhanced_banglabert)
927819	None	enhanced_cascade_cv(banglabert->enhanced_banglabert)
587604	None	enhanced_cascade_cv(banglabert->enhanced_banglabert)
394451	Community	enhanced_cascade_cv(banglabert->enhanced_banglabert)
469761	Individual	enhanced_cascade_cv(banglabert->enhanced_banglabert)
542231	None	enhanced_cascade_cv(banglabert->enhanced_banglabert)
771934	None	enhanced_cascade_cv(banglabert->enhanced_banglabert)
630450	Individual	enhanced_cascade_cv(banglabert->enhanced_banglabert)
745298	None	enhanced_cascade_cv(banglabert->enhanced_banglabert)
3528	None	enhanced_cascade_cv(banglabert->enhanced_banglabert)
430654	Society	enhanced_cascade_cv(banglabert->enhanced_banglabert)
437577	Society	enhanced_cascade_cv(banglabert->enhanced_banglabert)
721276	None	enhanced_cascade_cv(banglabert->enhanced_banglabert)
366055	None	enhanced_cascade_cv(banglabert->enhanced_banglabert)
708210	None	enhanced_cascade_cv(banglabert->enhanced_banglabert)
715431	None	enhanced_cascade_cv(banglabert->enhanced_banglabert)
99675	Individual	enhanced_cascade_cv(banglabert->enhanced_banglabert)
657679	None	enhanced_cascade_cv(banglabert->enhanced_banglabert)
171866	None	enhanced_cascade_cv(banglabert->enhanced_banglabert)
868503	None	enhanced_cascade_cv(banglabert->enhanced_banglabert)
408876	None	enhanced_cascade_cv(banglabert->enhanced_banglabert)
525520	None	enhanced_cascade_cv(banglabert->enhanced_banglabert)
393887	None	enhanced_cascade_cv(banglabert->enhanced_banglabert)
572948	None	enhanced_cascade_cv(banglabert->enhanced_banglabert)
931362	None	enhanced_cascade_cv(banglabert->enhanced_banglabert)
57799	Individual	enhanced_cascade_cv(banglabert->enhanced_banglabert)
620257	Organization	enhanced_cascade_cv(banglabert->enhanced_banglabert)
897779	Community	enhanced_cascade_cv(banglabert->enhanced_banglabert)
474236	Community	enhanced_cascade_cv(banglabert->enhanced_banglabert)
844305	None	enhanced_cascade_cv(banglabert->enhanced_banglabert)
816607	Individual	enhanced_cascade_cv(banglabert->enhanced_banglabert)
330129	None	enhanced_cascade_cv(banglabert->enhanced_banglabert)
504653	None	enhanced_cascade_cv(banglabert->enhanced_banglabert)
905410	None	enhanced_cascade_cv(banglabert->enhanced_banglabert)
773590	Society	enhanced_cascade_cv(banglabert->enhanced_banglabert)
876730	None	enhanced_cascade_cv(banglabert->enhanced_banglabert)
90161	None	enhanced_cascade_cv(banglabert->enhanced_banglabert)
616887	None	enhanced_cascade_cv(banglabert->enhanced_banglabert)
677553	Organization	enhanced_cascade_cv(banglabert->enhanced_banglabert)
131223	None	enhanced_cascade_cv(banglabert->enhanced_banglabert)
859398	Organization	enhanced_cascade_cv(banglabert->enhanced_banglabert)
569587	None	enhanced_cascade_cv(banglabert->enhanced_banglabert)
848507	Individual	enhanced_cascade_cv(banglabert->enhanced_banglabert)
645545	Individual	enhanced_cascade_cv(banglabert->enhanced_banglabert)
342972	None	enhanced_cascade_cv(banglabert->enhanced_banglabert)
901035	None	enhanced_cascade_cv(banglabert->enhanced_banglabert)
822513	Community	enhanced_cascade_cv(banglabert->enhanced_banglabert)
395310	Individual	enhanced_cascade_cv(banglabert->enhanced_banglabert)
608747	Organization	enhanced_cascade_cv(banglabert->enhanced_banglabert)
659923	None	enhanced_cascade_cv(banglabert->enhanced_banglabert)
709496	None	enhanced_cascade_cv(banglabert->enhanced_banglabert)
536764	None	enhanced_cascade_cv(banglabert->enhanced_banglabert)
6992	Community	enhanced_cascade_cv(banglabert->enhanced_banglabert)
882986	None	enhanced_cascade_cv(banglabert->enhanced_banglabert)
300908	None	enhanced_cascade_cv(banglabert->enhanced_banglabert)
475630	None	enhanced_cascade_cv(banglabert->enhanced_banglabert)
901999	None	enhanced_cascade_cv(banglabert->enhanced_banglabert)
908632	Society	enhanced_cascade_cv(banglabert->enhanced_banglabert)
236956	Organization	enhanced_cascade_cv(banglabert->enhanced_banglabert)
458769	None	enhanced_cascade_cv(banglabert->enhanced_banglabert)
120726	None	enhanced_cascade_cv(banglabert->enhanced_banglabert)
580608	None	enhanced_cascade_cv(banglabert->enhanced_banglabert)
511438	None	enhanced_cascade_cv(banglabert->enhanced_banglabert)
180423	None	enhanced_cascade_cv(banglabert->enhanced_banglabert)
653511	None	enhanced_cascade_cv(banglabert->enhanced_banglabert)
861639	None	enhanced_cascade_cv(banglabert->enhanced_banglabert)
356228	None	enhanced_cascade_cv(banglabert->enhanced_banglabert)
176766	None	enhanced_cascade_cv(banglabert->enhanced_banglabert)
652925	Organization	enhanced_cascade_cv(banglabert->enhanced_banglabert)
545212	None	enhanced_cascade_cv(banglabert->enhanced_banglabert)
421534	None	enhanced_cascade_cv(banglabert->enhanced_banglabert)
118743	Individual	enhanced_cascade_cv(banglabert->enhanced_banglabert)
557649	Individual	enhanced_cascade_cv(banglabert->enhanced_banglabert)
411649	Community	enhanced_cascade_cv(banglabert->enhanced_banglabert)
400910	Organization	enhanced_cascade_cv(banglabert->enhanced_banglabert)
835685	Individual	enhanced_cascade_cv(banglabert->enhanced_banglabert)
740539	None	enhanced_cascade_cv(banglabert->enhanced_banglabert)
586148	None	enhanced_cascade_cv(banglabert->enhanced_banglabert)
97121	Organization	enhanced_cascade_cv(banglabert->enhanced_banglabert)
211064	Organization	enhanced_cascade_cv(banglabert->enhanced_banglabert)
254790	Organization	enhanced_cascade_cv(banglabert->enhanced_banglabert)
103895	None	enhanced_cascade_cv(banglabert->enhanced_banglabert)
156546	None	enhanced_cascade_cv(banglabert->enhanced_banglabert)
852889	None	enhanced_cascade_cv(banglabert->enhanced_banglabert)
552694	None	enhanced_cascade_cv(banglabert->enhanced_banglabert)
632731	None	enhanced_cascade_cv(banglabert->enhanced_banglabert)
454837	None	enhanced_cascade_cv(banglabert->enhanced_banglabert)
700667	None	enhanced_cascade_cv(banglabert->enhanced_banglabert)
48804	None	enhanced_cascade_cv(banglabert->enhanced_banglabert)
376203	Society	enhanced_cascade_cv(banglabert->enhanced_banglabert)
189844	Individual	enhanced_cascade_cv(banglabert->enhanced_banglabert)
663042	None	enhanced_cascade_cv(banglabert->enhanced_banglabert)
168206	Organization	enhanced_cascade_cv(banglabert->enhanced_banglabert)
47280	Organization	enhanced_cascade_cv(banglabert->enhanced_banglabert)
658969	Organization	enhanced_cascade_cv(banglabert->enhanced_banglabert)
316017	Individual	enhanced_cascade_cv(banglabert->enhanced_banglabert)
415721	None	enhanced_cascade_cv(banglabert->enhanced_banglabert)
795690	Society	enhanced_cascade_cv(banglabert->enhanced_banglabert)
183085	Organization	enhanced_cascade_cv(banglabert->enhanced_banglabert)
582115	Individual	enhanced_cascade_cv(banglabert->enhanced_banglabert)
210310	Community	enhanced_cascade_cv(banglabert->enhanced_banglabert)
238335	None	enhanced_cascade_cv(banglabert->enhanced_banglabert)
651865	None	enhanced_cascade_cv(banglabert->enhanced_banglabert)
152928	None	enhanced_cascade_cv(banglabert->enhanced_banglabert)
163734	Individual	enhanced_cascade_cv(banglabert->enhanced_banglabert)
705475	None	enhanced_cascade_cv(banglabert->enhanced_banglabert)
151429	Individual	enhanced_cascade_cv(banglabert->enhanced_banglabert)
262993	None	enhanced_cascade_cv(banglabert->enhanced_banglabert)
39760	None	enhanced_cascade_cv(banglabert->enhanced_banglabert)
369992	None	enhanced_cascade_cv(banglabert->enhanced_banglabert)
544751	None	enhanced_cascade_cv(banglabert->enhanced_banglabert)
382531	None	enhanced_cascade_cv(banglabert->enhanced_banglabert)
293053	None	enhanced_cascade_cv(banglabert->enhanced_banglabert)
178903	None	enhanced_cascade_cv(banglabert->enhanced_banglabert)
891284	Individual	enhanced_cascade_cv(banglabert->enhanced_banglabert)
585288	None	enhanced_cascade_cv(banglabert->enhanced_banglabert)
636851	Individual	enhanced_cascade_cv(banglabert->enhanced_banglabert)
666137	None	enhanced_cascade_cv(banglabert->enhanced_banglabert)
502707	Society	enhanced_cascade_cv(banglabert->enhanced_banglabert)
239019	Individual	enhanced_cascade_cv(banglabert->enhanced_banglabert)
202898	Individual	enhanced_cascade_cv(banglabert->enhanced_banglabert)
416889	None	enhanced_cascade_cv(banglabert->enhanced_banglabert)
361315	None	enhanced_cascade_cv(banglabert->enhanced_banglabert)
69363	None	enhanced_cascade_cv(banglabert->enhanced_banglabert)
597222	None	enhanced_cascade_cv(banglabert->enhanced_banglabert)
701775	None	enhanced_cascade_cv(banglabert->enhanced_banglabert)
208382	Community	enhanced_cascade_cv(banglabert->enhanced_banglabert)
919121	None	enhanced_cascade_cv(banglabert->enhanced_banglabert)
332583	Individual	enhanced_cascade_cv(banglabert->enhanced_banglabert)
143108	None	enhanced_cascade_cv(banglabert->enhanced_banglabert)
77995	None	enhanced_cascade_cv(banglabert->enhanced_banglabert)
483981	Organization	enhanced_cascade_cv(banglabert->enhanced_banglabert)
780522	Organization	enhanced_cascade_cv(banglabert->enhanced_banglabert)
316250	Organization	enhanced_cascade_cv(banglabert->enhanced_banglabert)
603113	Individual	enhanced_cascade_cv(banglabert->enhanced_banglabert)
317644	None	enhanced_cascade_cv(banglabert->enhanced_banglabert)
344542	None	enhanced_cascade_cv(banglabert->enhanced_banglabert)
208458	None	enhanced_cascade_cv(banglabert->enhanced_banglabert)
690942	None	enhanced_cascade_cv(banglabert->enhanced_banglabert)
930275	None	enhanced_cascade_cv(banglabert->enhanced_banglabert)
551399	Individual	enhanced_cascade_cv(banglabert->enhanced_banglabert)
440929	Organization	enhanced_cascade_cv(banglabert->enhanced_banglabert)
504211	None	enhanced_cascade_cv(banglabert->enhanced_banglabert)
561863	None	enhanced_cascade_cv(banglabert->enhanced_banglabert)
157931	None	enhanced_cascade_cv(banglabert->enhanced_banglabert)
251599	Organization	enhanced_cascade_cv(banglabert->enhanced_banglabert)
628267	None	enhanced_cascade_cv(banglabert->enhanced_banglabert)
158317	Community	enhanced_cascade_cv(banglabert->enhanced_banglabert)
762492	Individual	enhanced_cascade_cv(banglabert->enhanced_banglabert)
298097	None	enhanced_cascade_cv(banglabert->enhanced_banglabert)
879807	Society	enhanced_cascade_cv(banglabert->enhanced_banglabert)
250272	None	enhanced_cascade_cv(banglabert->enhanced_banglabert)
784620	None	enhanced_cascade_cv(banglabert->enhanced_banglabert)
233564	None	enhanced_cascade_cv(banglabert->enhanced_banglabert)
112445	Individual	enhanced_cascade_cv(banglabert->enhanced_banglabert)
388693	Organization	enhanced_cascade_cv(banglabert->enhanced_banglabert)
773160	None	enhanced_cascade_cv(banglabert->enhanced_banglabert)
644443	Individual	enhanced_cascade_cv(banglabert->enhanced_banglabert)
593410	None	enhanced_cascade_cv(banglabert->enhanced_banglabert)
281982	None	enhanced_cascade_cv(banglabert->enhanced_banglabert)
477006	None	enhanced_cascade_cv(banglabert->enhanced_banglabert)
667609	None	enhanced_cascade_cv(banglabert->enhanced_banglabert)
215100	Community	enhanced_cascade_cv(banglabert->enhanced_banglabert)
56345	None	enhanced_cascade_cv(banglabert->enhanced_banglabert)
344930	None	enhanced_cascade_cv(banglabert->enhanced_banglabert)
193643	Community	enhanced_cascade_cv(banglabert->enhanced_banglabert)
194807	Individual	enhanced_cascade_cv(banglabert->enhanced_banglabert)
59602	Individual	enhanced_cascade_cv(banglabert->enhanced_banglabert)
683029	None	enhanced_cascade_cv(banglabert->enhanced_banglabert)
938004	None	enhanced_cascade_cv(banglabert->enhanced_banglabert)
561353	None	enhanced_cascade_cv(banglabert->enhanced_banglabert)
101760	Individual	enhanced_cascade_cv(banglabert->enhanced_banglabert)
558515	None	enhanced_cascade_cv(banglabert->enhanced_banglabert)
691270	None	enhanced_cascade_cv(banglabert->enhanced_banglabert)
575832	None	enhanced_cascade_cv(banglabert->enhanced_banglabert)
854800	None	enhanced_cascade_cv(banglabert->enhanced_banglabert)
514189	None	enhanced_cascade_cv(banglabert->enhanced_banglabert)
297823	None	enhanced_cascade_cv(banglabert->enhanced_banglabert)
837407	Organization	enhanced_cascade_cv(banglabert->enhanced_banglabert)
500684	Individual	enhanced_cascade_cv(banglabert->enhanced_banglabert)
21394	Individual	enhanced_cascade_cv(banglabert->enhanced_banglabert)
228624	Organization	enhanced_cascade_cv(banglabert->enhanced_banglabert)
624871	None	enhanced_cascade_cv(banglabert->enhanced_banglabert)
884058	None	enhanced_cascade_cv(banglabert->enhanced_banglabert)
165442	None	enhanced_cascade_cv(banglabert->enhanced_banglabert)
286708	Individual	enhanced_cascade_cv(banglabert->enhanced_banglabert)
544626	None	enhanced_cascade_cv(banglabert->enhanced_banglabert)
181554	Organization	enhanced_cascade_cv(banglabert->enhanced_banglabert)
783606	Individual	enhanced_cascade_cv(banglabert->enhanced_banglabert)
381499	None	enhanced_cascade_cv(banglabert->enhanced_banglabert)
178833	None	enhanced_cascade_cv(banglabert->enhanced_banglabert)
588965	None	enhanced_cascade_cv(banglabert->enhanced_banglabert)
849392	None	enhanced_cascade_cv(banglabert->enhanced_banglabert)
667674	Organization	enhanced_cascade_cv(banglabert->enhanced_banglabert)
564207	Individual	enhanced_cascade_cv(banglabert->enhanced_banglabert)
660093	None	enhanced_cascade_cv(banglabert->enhanced_banglabert)
136990	None	enhanced_cascade_cv(banglabert->enhanced_banglabert)
102467	Individual	enhanced_cascade_cv(banglabert->enhanced_banglabert)
262943	Community	enhanced_cascade_cv(banglabert->enhanced_banglabert)
905637	None	enhanced_cascade_cv(banglabert->enhanced_banglabert)
535280	None	enhanced_cascade_cv(banglabert->enhanced_banglabert)
494372	None	enhanced_cascade_cv(banglabert->enhanced_banglabert)
488239	Individual	enhanced_cascade_cv(banglabert->enhanced_banglabert)
539683	None	enhanced_cascade_cv(banglabert->enhanced_banglabert)
271633	None	enhanced_cascade_cv(banglabert->enhanced_banglabert)
260708	Individual	enhanced_cascade_cv(banglabert->enhanced_banglabert)
344528	None	enhanced_cascade_cv(banglabert->enhanced_banglabert)
411539	None	enhanced_cascade_cv(banglabert->enhanced_banglabert)
775525	Society	enhanced_cascade_cv(banglabert->enhanced_banglabert)
916955	None	enhanced_cascade_cv(banglabert->enhanced_banglabert)
423320	Organization	enhanced_cascade_cv(banglabert->enhanced_banglabert)
795671	Individual	enhanced_cascade_cv(banglabert->enhanced_banglabert)
843261	Community	enhanced_cascade_cv(banglabert->enhanced_banglabert)
836666	None	enhanced_cascade_cv(banglabert->enhanced_banglabert)
677642	None	enhanced_cascade_cv(banglabert->enhanced_banglabert)
907552	None	enhanced_cascade_cv(banglabert->enhanced_banglabert)
547072	None	enhanced_cascade_cv(banglabert->enhanced_banglabert)
904584	None	enhanced_cascade_cv(banglabert->enhanced_banglabert)
595914	None	enhanced_cascade_cv(banglabert->enhanced_banglabert)
610931	None	enhanced_cascade_cv(banglabert->enhanced_banglabert)
63016	Organization	enhanced_cascade_cv(banglabert->enhanced_banglabert)
369484	Society	enhanced_cascade_cv(banglabert->enhanced_banglabert)
447847	None	enhanced_cascade_cv(banglabert->enhanced_banglabert)
712516	Community	enhanced_cascade_cv(banglabert->enhanced_banglabert)
352814	Community	enhanced_cascade_cv(banglabert->enhanced_banglabert)
319254	Individual	enhanced_cascade_cv(banglabert->enhanced_banglabert)
7933	None	enhanced_cascade_cv(banglabert->enhanced_banglabert)
554139	None	enhanced_cascade_cv(banglabert->enhanced_banglabert)
97801	Organization	enhanced_cascade_cv(banglabert->enhanced_banglabert)
47771	None	enhanced_cascade_cv(banglabert->enhanced_banglabert)
837834	None	enhanced_cascade_cv(banglabert->enhanced_banglabert)
581856	None	enhanced_cascade_cv(banglabert->enhanced_banglabert)
738585	None	enhanced_cascade_cv(banglabert->enhanced_banglabert)
910428	Organization	enhanced_cascade_cv(banglabert->enhanced_banglabert)
598551	Organization	enhanced_cascade_cv(banglabert->enhanced_banglabert)
857628	None	enhanced_cascade_cv(banglabert->enhanced_banglabert)
270966	Individual	enhanced_cascade_cv(banglabert->enhanced_banglabert)
628574	Society	enhanced_cascade_cv(banglabert->enhanced_banglabert)
442041	Organization	enhanced_cascade_cv(banglabert->enhanced_banglabert)
584917	None	enhanced_cascade_cv(banglabert->enhanced_banglabert)
757617	None	enhanced_cascade_cv(banglabert->enhanced_banglabert)
30078	Organization	enhanced_cascade_cv(banglabert->enhanced_banglabert)
861240	Individual	enhanced_cascade_cv(banglabert->enhanced_banglabert)
311213	None	enhanced_cascade_cv(banglabert->enhanced_banglabert)
848275	None	enhanced_cascade_cv(banglabert->enhanced_banglabert)
263877	None	enhanced_cascade_cv(banglabert->enhanced_banglabert)
463553	None	enhanced_cascade_cv(banglabert->enhanced_banglabert)
188717	Community	enhanced_cascade_cv(banglabert->enhanced_banglabert)
840550	None	enhanced_cascade_cv(banglabert->enhanced_banglabert)
234353	Individual	enhanced_cascade_cv(banglabert->enhanced_banglabert)
189118	None	enhanced_cascade_cv(banglabert->enhanced_banglabert)
621021	Individual	enhanced_cascade_cv(banglabert->enhanced_banglabert)
429085	None	enhanced_cascade_cv(banglabert->enhanced_banglabert)
339138	None	enhanced_cascade_cv(banglabert->enhanced_banglabert)
527860	None	enhanced_cascade_cv(banglabert->enhanced_banglabert)
726652	None	enhanced_cascade_cv(banglabert->enhanced_banglabert)
427224	Society	enhanced_cascade_cv(banglabert->enhanced_banglabert)
73490	Organization	enhanced_cascade_cv(banglabert->enhanced_banglabert)
753025	None	enhanced_cascade_cv(banglabert->enhanced_banglabert)
788633	None	enhanced_cascade_cv(banglabert->enhanced_banglabert)
171114	None	enhanced_cascade_cv(banglabert->enhanced_banglabert)
569839	None	enhanced_cascade_cv(banglabert->enhanced_banglabert)
682054	None	enhanced_cascade_cv(banglabert->enhanced_banglabert)
633051	None	enhanced_cascade_cv(banglabert->enhanced_banglabert)
310168	Society	enhanced_cascade_cv(banglabert->enhanced_banglabert)
640375	None	enhanced_cascade_cv(banglabert->enhanced_banglabert)
10165	None	enhanced_cascade_cv(banglabert->enhanced_banglabert)
754195	None	enhanced_cascade_cv(banglabert->enhanced_banglabert)
792971	None	enhanced_cascade_cv(banglabert->enhanced_banglabert)
677930	None	enhanced_cascade_cv(banglabert->enhanced_banglabert)
75141	None	enhanced_cascade_cv(banglabert->enhanced_banglabert)
62410	None	enhanced_cascade_cv(banglabert->enhanced_banglabert)
354624	None	enhanced_cascade_cv(banglabert->enhanced_banglabert)
795033	Society	enhanced_cascade_cv(banglabert->enhanced_banglabert)
904924	None	enhanced_cascade_cv(banglabert->enhanced_banglabert)
305448	Organization	enhanced_cascade_cv(banglabert->enhanced_banglabert)
717876	Community	enhanced_cascade_cv(banglabert->enhanced_banglabert)
331378	Individual	enhanced_cascade_cv(banglabert->enhanced_banglabert)
45082	Individual	enhanced_cascade_cv(banglabert->enhanced_banglabert)
551322	Society	enhanced_cascade_cv(banglabert->enhanced_banglabert)
171895	Community	enhanced_cascade_cv(banglabert->enhanced_banglabert)
137894	Individual	enhanced_cascade_cv(banglabert->enhanced_banglabert)
263168	Community	enhanced_cascade_cv(banglabert->enhanced_banglabert)
306004	None	enhanced_cascade_cv(banglabert->enhanced_banglabert)
245260	Organization	enhanced_cascade_cv(banglabert->enhanced_banglabert)
443275	None	enhanced_cascade_cv(banglabert->enhanced_banglabert)
12112	None	enhanced_cascade_cv(banglabert->enhanced_banglabert)
902362	Community	enhanced_cascade_cv(banglabert->enhanced_banglabert)
265309	None	enhanced_cascade_cv(banglabert->enhanced_banglabert)
877902	None	enhanced_cascade_cv(banglabert->enhanced_banglabert)
206698	Individual	enhanced_cascade_cv(banglabert->enhanced_banglabert)
663094	None	enhanced_cascade_cv(banglabert->enhanced_banglabert)
462026	None	enhanced_cascade_cv(banglabert->enhanced_banglabert)
162125	Community	enhanced_cascade_cv(banglabert->enhanced_banglabert)
121557	None	enhanced_cascade_cv(banglabert->enhanced_banglabert)
500788	Society	enhanced_cascade_cv(banglabert->enhanced_banglabert)
431537	None	enhanced_cascade_cv(banglabert->enhanced_banglabert)
852052	None	enhanced_cascade_cv(banglabert->enhanced_banglabert)
287780	Individual	enhanced_cascade_cv(banglabert->enhanced_banglabert)
576189	None	enhanced_cascade_cv(banglabert->enhanced_banglabert)
508124	None	enhanced_cascade_cv(banglabert->enhanced_banglabert)
75906	Community	enhanced_cascade_cv(banglabert->enhanced_banglabert)
1201	Community	enhanced_cascade_cv(banglabert->enhanced_banglabert)
129675	Organization	enhanced_cascade_cv(banglabert->enhanced_banglabert)
262821	Organization	enhanced_cascade_cv(banglabert->enhanced_banglabert)
723911	Organization	enhanced_cascade_cv(banglabert->enhanced_banglabert)
608978	None	enhanced_cascade_cv(banglabert->enhanced_banglabert)
512187	None	enhanced_cascade_cv(banglabert->enhanced_banglabert)
767811	None	enhanced_cascade_cv(banglabert->enhanced_banglabert)
356251	Organization	enhanced_cascade_cv(banglabert->enhanced_banglabert)
345976	None	enhanced_cascade_cv(banglabert->enhanced_banglabert)
204563	Individual	enhanced_cascade_cv(banglabert->enhanced_banglabert)
528689	None	enhanced_cascade_cv(banglabert->enhanced_banglabert)
674720	Organization	enhanced_cascade_cv(banglabert->enhanced_banglabert)
473284	None	enhanced_cascade_cv(banglabert->enhanced_banglabert)
437815	None	enhanced_cascade_cv(banglabert->enhanced_banglabert)
579534	None	enhanced_cascade_cv(banglabert->enhanced_banglabert)
599943	None	enhanced_cascade_cv(banglabert->enhanced_banglabert)
216678	None	enhanced_cascade_cv(banglabert->enhanced_banglabert)
434656	Organization	enhanced_cascade_cv(banglabert->enhanced_banglabert)
18914	None	enhanced_cascade_cv(banglabert->enhanced_banglabert)
133525	None	enhanced_cascade_cv(banglabert->enhanced_banglabert)
930312	Organization	enhanced_cascade_cv(banglabert->enhanced_banglabert)
169363	None	enhanced_cascade_cv(banglabert->enhanced_banglabert)
693380	None	enhanced_cascade_cv(banglabert->enhanced_banglabert)
654645	Organization	enhanced_cascade_cv(banglabert->enhanced_banglabert)
762566	None	enhanced_cascade_cv(banglabert->enhanced_banglabert)
534576	None	enhanced_cascade_cv(banglabert->enhanced_banglabert)
535882	Individual	enhanced_cascade_cv(banglabert->enhanced_banglabert)
608935	None	enhanced_cascade_cv(banglabert->enhanced_banglabert)
708703	Organization	enhanced_cascade_cv(banglabert->enhanced_banglabert)
774821	None	enhanced_cascade_cv(banglabert->enhanced_banglabert)
652727	None	enhanced_cascade_cv(banglabert->enhanced_banglabert)
421004	None	enhanced_cascade_cv(banglabert->enhanced_banglabert)
852631	None	enhanced_cascade_cv(banglabert->enhanced_banglabert)
895503	None	enhanced_cascade_cv(banglabert->enhanced_banglabert)
798060	None	enhanced_cascade_cv(banglabert->enhanced_banglabert)
558798	Individual	enhanced_cascade_cv(banglabert->enhanced_banglabert)
775872	Community	enhanced_cascade_cv(banglabert->enhanced_banglabert)
832259	None	enhanced_cascade_cv(banglabert->enhanced_banglabert)
788155	None	enhanced_cascade_cv(banglabert->enhanced_banglabert)
828605	Society	enhanced_cascade_cv(banglabert->enhanced_banglabert)
160826	None	enhanced_cascade_cv(banglabert->enhanced_banglabert)
152941	None	enhanced_cascade_cv(banglabert->enhanced_banglabert)
841571	None	enhanced_cascade_cv(banglabert->enhanced_banglabert)
282604	None	enhanced_cascade_cv(banglabert->enhanced_banglabert)
330465	Individual	enhanced_cascade_cv(banglabert->enhanced_banglabert)
154381	None	enhanced_cascade_cv(banglabert->enhanced_banglabert)
593395	None	enhanced_cascade_cv(banglabert->enhanced_banglabert)
908781	Society	enhanced_cascade_cv(banglabert->enhanced_banglabert)
593717	None	enhanced_cascade_cv(banglabert->enhanced_banglabert)
760185	Society	enhanced_cascade_cv(banglabert->enhanced_banglabert)
576105	None	enhanced_cascade_cv(banglabert->enhanced_banglabert)
259987	Organization	enhanced_cascade_cv(banglabert->enhanced_banglabert)
902177	None	enhanced_cascade_cv(banglabert->enhanced_banglabert)
379838	None	enhanced_cascade_cv(banglabert->enhanced_banglabert)
513067	None	enhanced_cascade_cv(banglabert->enhanced_banglabert)
49042	Organization	enhanced_cascade_cv(banglabert->enhanced_banglabert)
424201	None	enhanced_cascade_cv(banglabert->enhanced_banglabert)
152322	None	enhanced_cascade_cv(banglabert->enhanced_banglabert)
898214	None	enhanced_cascade_cv(banglabert->enhanced_banglabert)
341465	None	enhanced_cascade_cv(banglabert->enhanced_banglabert)
692539	None	enhanced_cascade_cv(banglabert->enhanced_banglabert)
795672	Society	enhanced_cascade_cv(banglabert->enhanced_banglabert)
119869	Community	enhanced_cascade_cv(banglabert->enhanced_banglabert)
861855	None	enhanced_cascade_cv(banglabert->enhanced_banglabert)
94747	None	enhanced_cascade_cv(banglabert->enhanced_banglabert)
467933	None	enhanced_cascade_cv(banglabert->enhanced_banglabert)
232837	Organization	enhanced_cascade_cv(banglabert->enhanced_banglabert)
80320	None	enhanced_cascade_cv(banglabert->enhanced_banglabert)
35633	None	enhanced_cascade_cv(banglabert->enhanced_banglabert)
208325	None	enhanced_cascade_cv(banglabert->enhanced_banglabert)
16164	None	enhanced_cascade_cv(banglabert->enhanced_banglabert)
2519	None	enhanced_cascade_cv(banglabert->enhanced_banglabert)
751296	None	enhanced_cascade_cv(banglabert->enhanced_banglabert)
807820	Society	enhanced_cascade_cv(banglabert->enhanced_banglabert)
680786	None	enhanced_cascade_cv(banglabert->enhanced_banglabert)
331978	None	enhanced_cascade_cv(banglabert->enhanced_banglabert)
373048	None	enhanced_cascade_cv(banglabert->enhanced_banglabert)
344922	None	enhanced_cascade_cv(banglabert->enhanced_banglabert)
414678	None	enhanced_cascade_cv(banglabert->enhanced_banglabert)
379666	Community	enhanced_cascade_cv(banglabert->enhanced_banglabert)
263666	None	enhanced_cascade_cv(banglabert->enhanced_banglabert)
9564	None	enhanced_cascade_cv(banglabert->enhanced_banglabert)
710013	None	enhanced_cascade_cv(banglabert->enhanced_banglabert)
462504	None	enhanced_cascade_cv(banglabert->enhanced_banglabert)
121	None	enhanced_cascade_cv(banglabert->enhanced_banglabert)
760841	Individual	enhanced_cascade_cv(banglabert->enhanced_banglabert)
592143	Organization	enhanced_cascade_cv(banglabert->enhanced_banglabert)
197750	Organization	enhanced_cascade_cv(banglabert->enhanced_banglabert)
666304	None	enhanced_cascade_cv(banglabert->enhanced_banglabert)
791047	None	enhanced_cascade_cv(banglabert->enhanced_banglabert)
254687	None	enhanced_cascade_cv(banglabert->enhanced_banglabert)
415167	None	enhanced_cascade_cv(banglabert->enhanced_banglabert)
798914	None	enhanced_cascade_cv(banglabert->enhanced_banglabert)
212392	Individual	enhanced_cascade_cv(banglabert->enhanced_banglabert)
165295	None	enhanced_cascade_cv(banglabert->enhanced_banglabert)
437095	None	enhanced_cascade_cv(banglabert->enhanced_banglabert)
221823	Organization	enhanced_cascade_cv(banglabert->enhanced_banglabert)
911862	Organization	enhanced_cascade_cv(banglabert->enhanced_banglabert)
132410	None	enhanced_cascade_cv(banglabert->enhanced_banglabert)
520180	None	enhanced_cascade_cv(banglabert->enhanced_banglabert)
266817	Individual	enhanced_cascade_cv(banglabert->enhanced_banglabert)
386160	Individual	enhanced_cascade_cv(banglabert->enhanced_banglabert)
551916	None	enhanced_cascade_cv(banglabert->enhanced_banglabert)
863327	Organization	enhanced_cascade_cv(banglabert->enhanced_banglabert)
548649	Society	enhanced_cascade_cv(banglabert->enhanced_banglabert)
139280	None	enhanced_cascade_cv(banglabert->enhanced_banglabert)
194851	None	enhanced_cascade_cv(banglabert->enhanced_banglabert)
675930	Society	enhanced_cascade_cv(banglabert->enhanced_banglabert)
917518	None	enhanced_cascade_cv(banglabert->enhanced_banglabert)
817083	None	enhanced_cascade_cv(banglabert->enhanced_banglabert)
492315	Organization	enhanced_cascade_cv(banglabert->enhanced_banglabert)
64360	Individual	enhanced_cascade_cv(banglabert->enhanced_banglabert)
90812	None	enhanced_cascade_cv(banglabert->enhanced_banglabert)
64683	Organization	enhanced_cascade_cv(banglabert->enhanced_banglabert)
517596	None	enhanced_cascade_cv(banglabert->enhanced_banglabert)
788769	None	enhanced_cascade_cv(banglabert->enhanced_banglabert)
72191	None	enhanced_cascade_cv(banglabert->enhanced_banglabert)
494812	None	enhanced_cascade_cv(banglabert->enhanced_banglabert)
397745	Society	enhanced_cascade_cv(banglabert->enhanced_banglabert)
99256	None	enhanced_cascade_cv(banglabert->enhanced_banglabert)
310718	None	enhanced_cascade_cv(banglabert->enhanced_banglabert)
551491	None	enhanced_cascade_cv(banglabert->enhanced_banglabert)
865852	None	enhanced_cascade_cv(banglabert->enhanced_banglabert)
839725	Organization	enhanced_cascade_cv(banglabert->enhanced_banglabert)
792182	Individual	enhanced_cascade_cv(banglabert->enhanced_banglabert)
736253	None	enhanced_cascade_cv(banglabert->enhanced_banglabert)
359258	None	enhanced_cascade_cv(banglabert->enhanced_banglabert)
402440	None	enhanced_cascade_cv(banglabert->enhanced_banglabert)
871989	None	enhanced_cascade_cv(banglabert->enhanced_banglabert)
778312	Organization	enhanced_cascade_cv(banglabert->enhanced_banglabert)
486204	None	enhanced_cascade_cv(banglabert->enhanced_banglabert)
463397	Community	enhanced_cascade_cv(banglabert->enhanced_banglabert)
606043	None	enhanced_cascade_cv(banglabert->enhanced_banglabert)
755756	Society	enhanced_cascade_cv(banglabert->enhanced_banglabert)
176393	None	enhanced_cascade_cv(banglabert->enhanced_banglabert)
636320	None	enhanced_cascade_cv(banglabert->enhanced_banglabert)
276259	Organization	enhanced_cascade_cv(banglabert->enhanced_banglabert)
365422	Society	enhanced_cascade_cv(banglabert->enhanced_banglabert)
430050	None	enhanced_cascade_cv(banglabert->enhanced_banglabert)
819649	None	enhanced_cascade_cv(banglabert->enhanced_banglabert)
212198	Organization	enhanced_cascade_cv(banglabert->enhanced_banglabert)
591895	None	enhanced_cascade_cv(banglabert->enhanced_banglabert)
393378	None	enhanced_cascade_cv(banglabert->enhanced_banglabert)
703799	None	enhanced_cascade_cv(banglabert->enhanced_banglabert)
65429	None	enhanced_cascade_cv(banglabert->enhanced_banglabert)
231179	Organization	enhanced_cascade_cv(banglabert->enhanced_banglabert)
146171	None	enhanced_cascade_cv(banglabert->enhanced_banglabert)
5990	None	enhanced_cascade_cv(banglabert->enhanced_banglabert)
36663	Organization	enhanced_cascade_cv(banglabert->enhanced_banglabert)
554415	None	enhanced_cascade_cv(banglabert->enhanced_banglabert)
228979	None	enhanced_cascade_cv(banglabert->enhanced_banglabert)
77159	None	enhanced_cascade_cv(banglabert->enhanced_banglabert)
36563	None	enhanced_cascade_cv(banglabert->enhanced_banglabert)
86802	Organization	enhanced_cascade_cv(banglabert->enhanced_banglabert)
689821	Organization	enhanced_cascade_cv(banglabert->enhanced_banglabert)
403237	Community	enhanced_cascade_cv(banglabert->enhanced_banglabert)
177705	None	enhanced_cascade_cv(banglabert->enhanced_banglabert)
77497	None	enhanced_cascade_cv(banglabert->enhanced_banglabert)
349202	Organization	enhanced_cascade_cv(banglabert->enhanced_banglabert)
87200	None	enhanced_cascade_cv(banglabert->enhanced_banglabert)
672306	None	enhanced_cascade_cv(banglabert->enhanced_banglabert)
803528	None	enhanced_cascade_cv(banglabert->enhanced_banglabert)
421644	Society	enhanced_cascade_cv(banglabert->enhanced_banglabert)
392041	None	enhanced_cascade_cv(banglabert->enhanced_banglabert)
586931	Organization	enhanced_cascade_cv(banglabert->enhanced_banglabert)
876810	None	enhanced_cascade_cv(banglabert->enhanced_banglabert)
683251	Society	enhanced_cascade_cv(banglabert->enhanced_banglabert)
437993	None	enhanced_cascade_cv(banglabert->enhanced_banglabert)
62679	None	enhanced_cascade_cv(banglabert->enhanced_banglabert)
601736	Individual	enhanced_cascade_cv(banglabert->enhanced_banglabert)
306874	Community	enhanced_cascade_cv(banglabert->enhanced_banglabert)
123362	None	enhanced_cascade_cv(banglabert->enhanced_banglabert)
26538	None	enhanced_cascade_cv(banglabert->enhanced_banglabert)
42151	None	enhanced_cascade_cv(banglabert->enhanced_banglabert)
804634	Individual	enhanced_cascade_cv(banglabert->enhanced_banglabert)
668500	Community	enhanced_cascade_cv(banglabert->enhanced_banglabert)
695496	None	enhanced_cascade_cv(banglabert->enhanced_banglabert)
812144	None	enhanced_cascade_cv(banglabert->enhanced_banglabert)
58323	None	enhanced_cascade_cv(banglabert->enhanced_banglabert)
868492	Individual	enhanced_cascade_cv(banglabert->enhanced_banglabert)
411024	None	enhanced_cascade_cv(banglabert->enhanced_banglabert)
352879	None	enhanced_cascade_cv(banglabert->enhanced_banglabert)
247684	Individual	enhanced_cascade_cv(banglabert->enhanced_banglabert)
119171	Individual	enhanced_cascade_cv(banglabert->enhanced_banglabert)
204525	Individual	enhanced_cascade_cv(banglabert->enhanced_banglabert)
507360	None	enhanced_cascade_cv(banglabert->enhanced_banglabert)
89717	Organization	enhanced_cascade_cv(banglabert->enhanced_banglabert)
400103	None	enhanced_cascade_cv(banglabert->enhanced_banglabert)
481728	None	enhanced_cascade_cv(banglabert->enhanced_banglabert)
472385	None	enhanced_cascade_cv(banglabert->enhanced_banglabert)
268424	Organization	enhanced_cascade_cv(banglabert->enhanced_banglabert)
107036	Individual	enhanced_cascade_cv(banglabert->enhanced_banglabert)
183440	Individual	enhanced_cascade_cv(banglabert->enhanced_banglabert)
516257	None	enhanced_cascade_cv(banglabert->enhanced_banglabert)
223226	None	enhanced_cascade_cv(banglabert->enhanced_banglabert)
184199	None	enhanced_cascade_cv(banglabert->enhanced_banglabert)
144179	None	enhanced_cascade_cv(banglabert->enhanced_banglabert)
136186	None	enhanced_cascade_cv(banglabert->enhanced_banglabert)
582846	None	enhanced_cascade_cv(banglabert->enhanced_banglabert)
16786	None	enhanced_cascade_cv(banglabert->enhanced_banglabert)
335223	None	enhanced_cascade_cv(banglabert->enhanced_banglabert)
43762	Community	enhanced_cascade_cv(banglabert->enhanced_banglabert)
106840	Organization	enhanced_cascade_cv(banglabert->enhanced_banglabert)
245321	None	enhanced_cascade_cv(banglabert->enhanced_banglabert)
453809	None	enhanced_cascade_cv(banglabert->enhanced_banglabert)
215566	Organization	enhanced_cascade_cv(banglabert->enhanced_banglabert)
110373	None	enhanced_cascade_cv(banglabert->enhanced_banglabert)
928909	None	enhanced_cascade_cv(banglabert->enhanced_banglabert)
135805	Organization	enhanced_cascade_cv(banglabert->enhanced_banglabert)
708114	None	enhanced_cascade_cv(banglabert->enhanced_banglabert)
344583	None	enhanced_cascade_cv(banglabert->enhanced_banglabert)
466622	None	enhanced_cascade_cv(banglabert->enhanced_banglabert)
569599	None	enhanced_cascade_cv(banglabert->enhanced_banglabert)
277334	None	enhanced_cascade_cv(banglabert->enhanced_banglabert)
77702	Individual	enhanced_cascade_cv(banglabert->enhanced_banglabert)
854709	Individual	enhanced_cascade_cv(banglabert->enhanced_banglabert)
113487	None	enhanced_cascade_cv(banglabert->enhanced_banglabert)
283409	Individual	enhanced_cascade_cv(banglabert->enhanced_banglabert)
530173	None	enhanced_cascade_cv(banglabert->enhanced_banglabert)
366273	None	enhanced_cascade_cv(banglabert->enhanced_banglabert)
581671	None	enhanced_cascade_cv(banglabert->enhanced_banglabert)
517997	None	enhanced_cascade_cv(banglabert->enhanced_banglabert)
870164	Community	enhanced_cascade_cv(banglabert->enhanced_banglabert)
592326	None	enhanced_cascade_cv(banglabert->enhanced_banglabert)
259934	None	enhanced_cascade_cv(banglabert->enhanced_banglabert)
822216	Individual	enhanced_cascade_cv(banglabert->enhanced_banglabert)
234371	None	enhanced_cascade_cv(banglabert->enhanced_banglabert)
621663	None	enhanced_cascade_cv(banglabert->enhanced_banglabert)
807765	Society	enhanced_cascade_cv(banglabert->enhanced_banglabert)
152094	None	enhanced_cascade_cv(banglabert->enhanced_banglabert)
452398	None	enhanced_cascade_cv(banglabert->enhanced_banglabert)
585360	Organization	enhanced_cascade_cv(banglabert->enhanced_banglabert)
713035	None	enhanced_cascade_cv(banglabert->enhanced_banglabert)
865475	None	enhanced_cascade_cv(banglabert->enhanced_banglabert)
728574	Individual	enhanced_cascade_cv(banglabert->enhanced_banglabert)
266287	None	enhanced_cascade_cv(banglabert->enhanced_banglabert)
710009	None	enhanced_cascade_cv(banglabert->enhanced_banglabert)
100577	Individual	enhanced_cascade_cv(banglabert->enhanced_banglabert)
459066	Organization	enhanced_cascade_cv(banglabert->enhanced_banglabert)
526444	None	enhanced_cascade_cv(banglabert->enhanced_banglabert)
863442	None	enhanced_cascade_cv(banglabert->enhanced_banglabert)
906402	None	enhanced_cascade_cv(banglabert->enhanced_banglabert)
266600	None	enhanced_cascade_cv(banglabert->enhanced_banglabert)
362421	Individual	enhanced_cascade_cv(banglabert->enhanced_banglabert)
504913	Individual	enhanced_cascade_cv(banglabert->enhanced_banglabert)
566279	None	enhanced_cascade_cv(banglabert->enhanced_banglabert)
87804	Organization	enhanced_cascade_cv(banglabert->enhanced_banglabert)
876112	None	enhanced_cascade_cv(banglabert->enhanced_banglabert)
403399	None	enhanced_cascade_cv(banglabert->enhanced_banglabert)
405059	None	enhanced_cascade_cv(banglabert->enhanced_banglabert)
619269	Organization	enhanced_cascade_cv(banglabert->enhanced_banglabert)
930117	None	enhanced_cascade_cv(banglabert->enhanced_banglabert)
355886	None	enhanced_cascade_cv(banglabert->enhanced_banglabert)
851116	None	enhanced_cascade_cv(banglabert->enhanced_banglabert)
426754	None	enhanced_cascade_cv(banglabert->enhanced_banglabert)
303743	None	enhanced_cascade_cv(banglabert->enhanced_banglabert)
190220	None	enhanced_cascade_cv(banglabert->enhanced_banglabert)
617613	Individual	enhanced_cascade_cv(banglabert->enhanced_banglabert)
567065	Organization	enhanced_cascade_cv(banglabert->enhanced_banglabert)
700257	None	enhanced_cascade_cv(banglabert->enhanced_banglabert)
268208	Organization	enhanced_cascade_cv(banglabert->enhanced_banglabert)
593253	Community	enhanced_cascade_cv(banglabert->enhanced_banglabert)
934960	None	enhanced_cascade_cv(banglabert->enhanced_banglabert)
631748	Individual	enhanced_cascade_cv(banglabert->enhanced_banglabert)
62833	Organization	enhanced_cascade_cv(banglabert->enhanced_banglabert)
81023	None	enhanced_cascade_cv(banglabert->enhanced_banglabert)
458837	None	enhanced_cascade_cv(banglabert->enhanced_banglabert)
788523	None	enhanced_cascade_cv(banglabert->enhanced_banglabert)
267783	None	enhanced_cascade_cv(banglabert->enhanced_banglabert)
174848	Community	enhanced_cascade_cv(banglabert->enhanced_banglabert)
403147	None	enhanced_cascade_cv(banglabert->enhanced_banglabert)
729498	None	enhanced_cascade_cv(banglabert->enhanced_banglabert)
377862	Community	enhanced_cascade_cv(banglabert->enhanced_banglabert)
142272	None	enhanced_cascade_cv(banglabert->enhanced_banglabert)
153968	Organization	enhanced_cascade_cv(banglabert->enhanced_banglabert)
371175	Individual	enhanced_cascade_cv(banglabert->enhanced_banglabert)
771563	None	enhanced_cascade_cv(banglabert->enhanced_banglabert)
142040	Organization	enhanced_cascade_cv(banglabert->enhanced_banglabert)
247489	Individual	enhanced_cascade_cv(banglabert->enhanced_banglabert)
162667	Community	enhanced_cascade_cv(banglabert->enhanced_banglabert)
430213	Community	enhanced_cascade_cv(banglabert->enhanced_banglabert)
535827	None	enhanced_cascade_cv(banglabert->enhanced_banglabert)
583590	None	enhanced_cascade_cv(banglabert->enhanced_banglabert)
242201	Society	enhanced_cascade_cv(banglabert->enhanced_banglabert)
711875	None	enhanced_cascade_cv(banglabert->enhanced_banglabert)
27632	None	enhanced_cascade_cv(banglabert->enhanced_banglabert)
15434	Individual	enhanced_cascade_cv(banglabert->enhanced_banglabert)
492658	None	enhanced_cascade_cv(banglabert->enhanced_banglabert)
339098	Individual	enhanced_cascade_cv(banglabert->enhanced_banglabert)
817877	Society	enhanced_cascade_cv(banglabert->enhanced_banglabert)
514249	Individual	enhanced_cascade_cv(banglabert->enhanced_banglabert)
87144	Community	enhanced_cascade_cv(banglabert->enhanced_banglabert)
671599	None	enhanced_cascade_cv(banglabert->enhanced_banglabert)
408598	None	enhanced_cascade_cv(banglabert->enhanced_banglabert)
647351	Individual	enhanced_cascade_cv(banglabert->enhanced_banglabert)
724852	None	enhanced_cascade_cv(banglabert->enhanced_banglabert)
77725	Individual	enhanced_cascade_cv(banglabert->enhanced_banglabert)
796155	None	enhanced_cascade_cv(banglabert->enhanced_banglabert)
111270	None	enhanced_cascade_cv(banglabert->enhanced_banglabert)
45433	Organization	enhanced_cascade_cv(banglabert->enhanced_banglabert)
795031	None	enhanced_cascade_cv(banglabert->enhanced_banglabert)
274512	None	enhanced_cascade_cv(banglabert->enhanced_banglabert)
752661	None	enhanced_cascade_cv(banglabert->enhanced_banglabert)
454448	None	enhanced_cascade_cv(banglabert->enhanced_banglabert)
537784	Individual	enhanced_cascade_cv(banglabert->enhanced_banglabert)
696645	None	enhanced_cascade_cv(banglabert->enhanced_banglabert)
142632	Community	enhanced_cascade_cv(banglabert->enhanced_banglabert)
489619	None	enhanced_cascade_cv(banglabert->enhanced_banglabert)
152326	None	enhanced_cascade_cv(banglabert->enhanced_banglabert)
475539	None	enhanced_cascade_cv(banglabert->enhanced_banglabert)
347307	None	enhanced_cascade_cv(banglabert->enhanced_banglabert)
831646	None	enhanced_cascade_cv(banglabert->enhanced_banglabert)
896820	None	enhanced_cascade_cv(banglabert->enhanced_banglabert)
251759	None	enhanced_cascade_cv(banglabert->enhanced_banglabert)
537112	None	enhanced_cascade_cv(banglabert->enhanced_banglabert)
409674	None	enhanced_cascade_cv(banglabert->enhanced_banglabert)
774924	None	enhanced_cascade_cv(banglabert->enhanced_banglabert)
55323	None	enhanced_cascade_cv(banglabert->enhanced_banglabert)
193802	None	enhanced_cascade_cv(banglabert->enhanced_banglabert)
831962	Society	enhanced_cascade_cv(banglabert->enhanced_banglabert)
930021	Individual	enhanced_cascade_cv(banglabert->enhanced_banglabert)
362239	Community	enhanced_cascade_cv(banglabert->enhanced_banglabert)
18242	Society	enhanced_cascade_cv(banglabert->enhanced_banglabert)
95898	Individual	enhanced_cascade_cv(banglabert->enhanced_banglabert)
258397	None	enhanced_cascade_cv(banglabert->enhanced_banglabert)
690070	None	enhanced_cascade_cv(banglabert->enhanced_banglabert)
116356	Community	enhanced_cascade_cv(banglabert->enhanced_banglabert)
743484	None	enhanced_cascade_cv(banglabert->enhanced_banglabert)
424496	Organization	enhanced_cascade_cv(banglabert->enhanced_banglabert)
305924	None	enhanced_cascade_cv(banglabert->enhanced_banglabert)
802244	None	enhanced_cascade_cv(banglabert->enhanced_banglabert)
22797	None	enhanced_cascade_cv(banglabert->enhanced_banglabert)
59246	None	enhanced_cascade_cv(banglabert->enhanced_banglabert)
43720	None	enhanced_cascade_cv(banglabert->enhanced_banglabert)
674115	None	enhanced_cascade_cv(banglabert->enhanced_banglabert)
62339	None	enhanced_cascade_cv(banglabert->enhanced_banglabert)
424676	None	enhanced_cascade_cv(banglabert->enhanced_banglabert)
470511	Community	enhanced_cascade_cv(banglabert->enhanced_banglabert)
154220	None	enhanced_cascade_cv(banglabert->enhanced_banglabert)
15034	Community	enhanced_cascade_cv(banglabert->enhanced_banglabert)
618562	None	enhanced_cascade_cv(banglabert->enhanced_banglabert)
131475	Community	enhanced_cascade_cv(banglabert->enhanced_banglabert)
698899	Organization	enhanced_cascade_cv(banglabert->enhanced_banglabert)
461691	None	enhanced_cascade_cv(banglabert->enhanced_banglabert)
741917	None	enhanced_cascade_cv(banglabert->enhanced_banglabert)
484667	None	enhanced_cascade_cv(banglabert->enhanced_banglabert)
893337	None	enhanced_cascade_cv(banglabert->enhanced_banglabert)
40909	None	enhanced_cascade_cv(banglabert->enhanced_banglabert)
347030	Organization	enhanced_cascade_cv(banglabert->enhanced_banglabert)
718969	None	enhanced_cascade_cv(banglabert->enhanced_banglabert)
166857	None	enhanced_cascade_cv(banglabert->enhanced_banglabert)
105419	None	enhanced_cascade_cv(banglabert->enhanced_banglabert)
662452	None	enhanced_cascade_cv(banglabert->enhanced_banglabert)
531513	None	enhanced_cascade_cv(banglabert->enhanced_banglabert)
573589	Individual	enhanced_cascade_cv(banglabert->enhanced_banglabert)
292739	None	enhanced_cascade_cv(banglabert->enhanced_banglabert)
271706	None	enhanced_cascade_cv(banglabert->enhanced_banglabert)
462545	None	enhanced_cascade_cv(banglabert->enhanced_banglabert)
703226	None	enhanced_cascade_cv(banglabert->enhanced_banglabert)
752823	Society	enhanced_cascade_cv(banglabert->enhanced_banglabert)
624182	None	enhanced_cascade_cv(banglabert->enhanced_banglabert)
413452	None	enhanced_cascade_cv(banglabert->enhanced_banglabert)
661471	Individual	enhanced_cascade_cv(banglabert->enhanced_banglabert)
282300	Community	enhanced_cascade_cv(banglabert->enhanced_banglabert)
220166	None	enhanced_cascade_cv(banglabert->enhanced_banglabert)
706840	None	enhanced_cascade_cv(banglabert->enhanced_banglabert)
302623	None	enhanced_cascade_cv(banglabert->enhanced_banglabert)
242397	Society	enhanced_cascade_cv(banglabert->enhanced_banglabert)
134691	None	enhanced_cascade_cv(banglabert->enhanced_banglabert)
772124	None	enhanced_cascade_cv(banglabert->enhanced_banglabert)
411977	Society	enhanced_cascade_cv(banglabert->enhanced_banglabert)
348177	None	enhanced_cascade_cv(banglabert->enhanced_banglabert)
869217	None	enhanced_cascade_cv(banglabert->enhanced_banglabert)
75265	None	enhanced_cascade_cv(banglabert->enhanced_banglabert)
132991	None	enhanced_cascade_cv(banglabert->enhanced_banglabert)
309784	None	enhanced_cascade_cv(banglabert->enhanced_banglabert)
882787	None	enhanced_cascade_cv(banglabert->enhanced_banglabert)
492328	None	enhanced_cascade_cv(banglabert->enhanced_banglabert)
77287	None	enhanced_cascade_cv(banglabert->enhanced_banglabert)
345463	Community	enhanced_cascade_cv(banglabert->enhanced_banglabert)
879288	None	enhanced_cascade_cv(banglabert->enhanced_banglabert)
151502	None	enhanced_cascade_cv(banglabert->enhanced_banglabert)
186338	Individual	enhanced_cascade_cv(banglabert->enhanced_banglabert)
840919	None	enhanced_cascade_cv(banglabert->enhanced_banglabert)
722682	None	enhanced_cascade_cv(banglabert->enhanced_banglabert)
669991	None	enhanced_cascade_cv(banglabert->enhanced_banglabert)
644061	None	enhanced_cascade_cv(banglabert->enhanced_banglabert)
715020	None	enhanced_cascade_cv(banglabert->enhanced_banglabert)
417302	None	enhanced_cascade_cv(banglabert->enhanced_banglabert)
46203	None	enhanced_cascade_cv(banglabert->enhanced_banglabert)
440247	Individual	enhanced_cascade_cv(banglabert->enhanced_banglabert)
551936	None	enhanced_cascade_cv(banglabert->enhanced_banglabert)
514211	Organization	enhanced_cascade_cv(banglabert->enhanced_banglabert)
724631	Individual	enhanced_cascade_cv(banglabert->enhanced_banglabert)
100307	None	enhanced_cascade_cv(banglabert->enhanced_banglabert)
286330	None	enhanced_cascade_cv(banglabert->enhanced_banglabert)
873637	None	enhanced_cascade_cv(banglabert->enhanced_banglabert)
804791	Society	enhanced_cascade_cv(banglabert->enhanced_banglabert)
724109	Society	enhanced_cascade_cv(banglabert->enhanced_banglabert)
54957	None	enhanced_cascade_cv(banglabert->enhanced_banglabert)
429886	None	enhanced_cascade_cv(banglabert->enhanced_banglabert)
509693	None	enhanced_cascade_cv(banglabert->enhanced_banglabert)
802316	None	enhanced_cascade_cv(banglabert->enhanced_banglabert)
927084	None	enhanced_cascade_cv(banglabert->enhanced_banglabert)
66537	Organization	enhanced_cascade_cv(banglabert->enhanced_banglabert)
926930	None	enhanced_cascade_cv(banglabert->enhanced_banglabert)
314855	Individual	enhanced_cascade_cv(banglabert->enhanced_banglabert)
336666	None	enhanced_cascade_cv(banglabert->enhanced_banglabert)
430923	None	enhanced_cascade_cv(banglabert->enhanced_banglabert)
601504	None	enhanced_cascade_cv(banglabert->enhanced_banglabert)
536899	None	enhanced_cascade_cv(banglabert->enhanced_banglabert)
311999	Organization	enhanced_cascade_cv(banglabert->enhanced_banglabert)
156762	None	enhanced_cascade_cv(banglabert->enhanced_banglabert)
33356	Organization	enhanced_cascade_cv(banglabert->enhanced_banglabert)
743024	None	enhanced_cascade_cv(banglabert->enhanced_banglabert)
844448	Individual	enhanced_cascade_cv(banglabert->enhanced_banglabert)
190632	Organization	enhanced_cascade_cv(banglabert->enhanced_banglabert)
169084	None	enhanced_cascade_cv(banglabert->enhanced_banglabert)
841825	Community	enhanced_cascade_cv(banglabert->enhanced_banglabert)
933092	None	enhanced_cascade_cv(banglabert->enhanced_banglabert)
273269	Individual	enhanced_cascade_cv(banglabert->enhanced_banglabert)
494946	None	enhanced_cascade_cv(banglabert->enhanced_banglabert)
605022	None	enhanced_cascade_cv(banglabert->enhanced_banglabert)
372444	Society	enhanced_cascade_cv(banglabert->enhanced_banglabert)
664616	Individual	enhanced_cascade_cv(banglabert->enhanced_banglabert)
285844	None	enhanced_cascade_cv(banglabert->enhanced_banglabert)
694071	Community	enhanced_cascade_cv(banglabert->enhanced_banglabert)
636377	None	enhanced_cascade_cv(banglabert->enhanced_banglabert)
775247	None	enhanced_cascade_cv(banglabert->enhanced_banglabert)
165043	None	enhanced_cascade_cv(banglabert->enhanced_banglabert)
361562	Society	enhanced_cascade_cv(banglabert->enhanced_banglabert)
198455	Organization	enhanced_cascade_cv(banglabert->enhanced_banglabert)
560600	None	enhanced_cascade_cv(banglabert->enhanced_banglabert)
64688	None	enhanced_cascade_cv(banglabert->enhanced_banglabert)
215716	Individual	enhanced_cascade_cv(banglabert->enhanced_banglabert)
556594	Organization	enhanced_cascade_cv(banglabert->enhanced_banglabert)
605700	Community	enhanced_cascade_cv(banglabert->enhanced_banglabert)
859381	Organization	enhanced_cascade_cv(banglabert->enhanced_banglabert)
419851	None	enhanced_cascade_cv(banglabert->enhanced_banglabert)
154234	None	enhanced_cascade_cv(banglabert->enhanced_banglabert)
146787	Individual	enhanced_cascade_cv(banglabert->enhanced_banglabert)
11200	Organization	enhanced_cascade_cv(banglabert->enhanced_banglabert)
743093	Individual	enhanced_cascade_cv(banglabert->enhanced_banglabert)
174203	None	enhanced_cascade_cv(banglabert->enhanced_banglabert)
815223	Individual	enhanced_cascade_cv(banglabert->enhanced_banglabert)
514630	Individual	enhanced_cascade_cv(banglabert->enhanced_banglabert)
2695	None	enhanced_cascade_cv(banglabert->enhanced_banglabert)
455746	None	enhanced_cascade_cv(banglabert->enhanced_banglabert)
908277	None	enhanced_cascade_cv(banglabert->enhanced_banglabert)
179176	None	enhanced_cascade_cv(banglabert->enhanced_banglabert)
279942	None	enhanced_cascade_cv(banglabert->enhanced_banglabert)
51167	None	enhanced_cascade_cv(banglabert->enhanced_banglabert)
207296	Organization	enhanced_cascade_cv(banglabert->enhanced_banglabert)
603501	Individual	enhanced_cascade_cv(banglabert->enhanced_banglabert)
425627	Community	enhanced_cascade_cv(banglabert->enhanced_banglabert)
485589	None	enhanced_cascade_cv(banglabert->enhanced_banglabert)
714681	None	enhanced_cascade_cv(banglabert->enhanced_banglabert)
656589	None	enhanced_cascade_cv(banglabert->enhanced_banglabert)
67399	Individual	enhanced_cascade_cv(banglabert->enhanced_banglabert)
709852	None	enhanced_cascade_cv(banglabert->enhanced_banglabert)
852490	Individual	enhanced_cascade_cv(banglabert->enhanced_banglabert)
128383	Organization	enhanced_cascade_cv(banglabert->enhanced_banglabert)
57019	None	enhanced_cascade_cv(banglabert->enhanced_banglabert)
931214	None	enhanced_cascade_cv(banglabert->enhanced_banglabert)
710348	None	enhanced_cascade_cv(banglabert->enhanced_banglabert)
473585	None	enhanced_cascade_cv(banglabert->enhanced_banglabert)
128203	Organization	enhanced_cascade_cv(banglabert->enhanced_banglabert)
306144	None	enhanced_cascade_cv(banglabert->enhanced_banglabert)
90088	None	enhanced_cascade_cv(banglabert->enhanced_banglabert)
302383	Organization	enhanced_cascade_cv(banglabert->enhanced_banglabert)
939642	Organization	enhanced_cascade_cv(banglabert->enhanced_banglabert)
804409	Individual	enhanced_cascade_cv(banglabert->enhanced_banglabert)
232626	Society	enhanced_cascade_cv(banglabert->enhanced_banglabert)
894347	Community	enhanced_cascade_cv(banglabert->enhanced_banglabert)
245524	Individual	enhanced_cascade_cv(banglabert->enhanced_banglabert)
618483	Individual	enhanced_cascade_cv(banglabert->enhanced_banglabert)
630938	None	enhanced_cascade_cv(banglabert->enhanced_banglabert)
81172	Individual	enhanced_cascade_cv(banglabert->enhanced_banglabert)
21126	Society	enhanced_cascade_cv(banglabert->enhanced_banglabert)
389453	Organization	enhanced_cascade_cv(banglabert->enhanced_banglabert)
396564	None	enhanced_cascade_cv(banglabert->enhanced_banglabert)
653528	Organization	enhanced_cascade_cv(banglabert->enhanced_banglabert)
761151	Community	enhanced_cascade_cv(banglabert->enhanced_banglabert)
193275	Organization	enhanced_cascade_cv(banglabert->enhanced_banglabert)
138236	None	enhanced_cascade_cv(banglabert->enhanced_banglabert)
41098	None	enhanced_cascade_cv(banglabert->enhanced_banglabert)
363213	Society	enhanced_cascade_cv(banglabert->enhanced_banglabert)
774803	Society	enhanced_cascade_cv(banglabert->enhanced_banglabert)
494286	None	enhanced_cascade_cv(banglabert->enhanced_banglabert)
17766	None	enhanced_cascade_cv(banglabert->enhanced_banglabert)
792907	None	enhanced_cascade_cv(banglabert->enhanced_banglabert)
719515	None	enhanced_cascade_cv(banglabert->enhanced_banglabert)
238094	None	enhanced_cascade_cv(banglabert->enhanced_banglabert)
829385	None	enhanced_cascade_cv(banglabert->enhanced_banglabert)
8911	Community	enhanced_cascade_cv(banglabert->enhanced_banglabert)
408415	Society	enhanced_cascade_cv(banglabert->enhanced_banglabert)
892496	Community	enhanced_cascade_cv(banglabert->enhanced_banglabert)
28986	Individual	enhanced_cascade_cv(banglabert->enhanced_banglabert)
925316	None	enhanced_cascade_cv(banglabert->enhanced_banglabert)
225378	Organization	enhanced_cascade_cv(banglabert->enhanced_banglabert)
612820	Organization	enhanced_cascade_cv(banglabert->enhanced_banglabert)
356375	None	enhanced_cascade_cv(banglabert->enhanced_banglabert)
197940	Individual	enhanced_cascade_cv(banglabert->enhanced_banglabert)
534486	None	enhanced_cascade_cv(banglabert->enhanced_banglabert)
426470	None	enhanced_cascade_cv(banglabert->enhanced_banglabert)
155352	None	enhanced_cascade_cv(banglabert->enhanced_banglabert)
160406	None	enhanced_cascade_cv(banglabert->enhanced_banglabert)
398382	None	enhanced_cascade_cv(banglabert->enhanced_banglabert)
671840	None	enhanced_cascade_cv(banglabert->enhanced_banglabert)
176533	None	enhanced_cascade_cv(banglabert->enhanced_banglabert)
198505	None	enhanced_cascade_cv(banglabert->enhanced_banglabert)
719810	None	enhanced_cascade_cv(banglabert->enhanced_banglabert)
409927	Community	enhanced_cascade_cv(banglabert->enhanced_banglabert)
334538	Individual	enhanced_cascade_cv(banglabert->enhanced_banglabert)
814242	None	enhanced_cascade_cv(banglabert->enhanced_banglabert)
891705	None	enhanced_cascade_cv(banglabert->enhanced_banglabert)
1018	None	enhanced_cascade_cv(banglabert->enhanced_banglabert)
54308	None	enhanced_cascade_cv(banglabert->enhanced_banglabert)
589442	None	enhanced_cascade_cv(banglabert->enhanced_banglabert)
913847	Individual	enhanced_cascade_cv(banglabert->enhanced_banglabert)
150258	None	enhanced_cascade_cv(banglabert->enhanced_banglabert)
264156	Individual	enhanced_cascade_cv(banglabert->enhanced_banglabert)
799325	None	enhanced_cascade_cv(banglabert->enhanced_banglabert)
167330	Individual	enhanced_cascade_cv(banglabert->enhanced_banglabert)
464549	None	enhanced_cascade_cv(banglabert->enhanced_banglabert)
603587	None	enhanced_cascade_cv(banglabert->enhanced_banglabert)
355428	None	enhanced_cascade_cv(banglabert->enhanced_banglabert)
629590	None	enhanced_cascade_cv(banglabert->enhanced_banglabert)
61328	None	enhanced_cascade_cv(banglabert->enhanced_banglabert)
846447	None	enhanced_cascade_cv(banglabert->enhanced_banglabert)
682035	None	enhanced_cascade_cv(banglabert->enhanced_banglabert)
359144	None	enhanced_cascade_cv(banglabert->enhanced_banglabert)
743699	Individual	enhanced_cascade_cv(banglabert->enhanced_banglabert)
264312	Organization	enhanced_cascade_cv(banglabert->enhanced_banglabert)
474991	None	enhanced_cascade_cv(banglabert->enhanced_banglabert)
573435	Individual	enhanced_cascade_cv(banglabert->enhanced_banglabert)
141299	None	enhanced_cascade_cv(banglabert->enhanced_banglabert)
815320	None	enhanced_cascade_cv(banglabert->enhanced_banglabert)
304554	Individual	enhanced_cascade_cv(banglabert->enhanced_banglabert)
233058	None	enhanced_cascade_cv(banglabert->enhanced_banglabert)
499764	Organization	enhanced_cascade_cv(banglabert->enhanced_banglabert)
285223	Organization	enhanced_cascade_cv(banglabert->enhanced_banglabert)
149699	Organization	enhanced_cascade_cv(banglabert->enhanced_banglabert)
815652	None	enhanced_cascade_cv(banglabert->enhanced_banglabert)
703863	Individual	enhanced_cascade_cv(banglabert->enhanced_banglabert)
934421	None	enhanced_cascade_cv(banglabert->enhanced_banglabert)
588444	None	enhanced_cascade_cv(banglabert->enhanced_banglabert)
561490	Society	enhanced_cascade_cv(banglabert->enhanced_banglabert)
66975	None	enhanced_cascade_cv(banglabert->enhanced_banglabert)
562485	None	enhanced_cascade_cv(banglabert->enhanced_banglabert)
488242	Individual	enhanced_cascade_cv(banglabert->enhanced_banglabert)
17859	Individual	enhanced_cascade_cv(banglabert->enhanced_banglabert)
302476	None	enhanced_cascade_cv(banglabert->enhanced_banglabert)
809726	None	enhanced_cascade_cv(banglabert->enhanced_banglabert)
114878	Individual	enhanced_cascade_cv(banglabert->enhanced_banglabert)
214653	Individual	enhanced_cascade_cv(banglabert->enhanced_banglabert)
64252	None	enhanced_cascade_cv(banglabert->enhanced_banglabert)
43007	Individual	enhanced_cascade_cv(banglabert->enhanced_banglabert)
533645	Individual	enhanced_cascade_cv(banglabert->enhanced_banglabert)
736567	None	enhanced_cascade_cv(banglabert->enhanced_banglabert)
461390	Society	enhanced_cascade_cv(banglabert->enhanced_banglabert)
268867	None	enhanced_cascade_cv(banglabert->enhanced_banglabert)
481812	None	enhanced_cascade_cv(banglabert->enhanced_banglabert)
314190	Individual	enhanced_cascade_cv(banglabert->enhanced_banglabert)
325307	None	enhanced_cascade_cv(banglabert->enhanced_banglabert)
25133	Organization	enhanced_cascade_cv(banglabert->enhanced_banglabert)
733358	None	enhanced_cascade_cv(banglabert->enhanced_banglabert)
452456	Organization	enhanced_cascade_cv(banglabert->enhanced_banglabert)
136745	None	enhanced_cascade_cv(banglabert->enhanced_banglabert)
203365	None	enhanced_cascade_cv(banglabert->enhanced_banglabert)
511593	None	enhanced_cascade_cv(banglabert->enhanced_banglabert)
223498	None	enhanced_cascade_cv(banglabert->enhanced_banglabert)
803776	None	enhanced_cascade_cv(banglabert->enhanced_banglabert)
893579	None	enhanced_cascade_cv(banglabert->enhanced_banglabert)
709601	Community	enhanced_cascade_cv(banglabert->enhanced_banglabert)
237871	Organization	enhanced_cascade_cv(banglabert->enhanced_banglabert)
178020	None	enhanced_cascade_cv(banglabert->enhanced_banglabert)
269708	Individual	enhanced_cascade_cv(banglabert->enhanced_banglabert)
145997	None	enhanced_cascade_cv(banglabert->enhanced_banglabert)
874844	None	enhanced_cascade_cv(banglabert->enhanced_banglabert)
210636	None	enhanced_cascade_cv(banglabert->enhanced_banglabert)
443689	Community	enhanced_cascade_cv(banglabert->enhanced_banglabert)
844787	None	enhanced_cascade_cv(banglabert->enhanced_banglabert)
508787	None	enhanced_cascade_cv(banglabert->enhanced_banglabert)
599550	None	enhanced_cascade_cv(banglabert->enhanced_banglabert)
582897	None	enhanced_cascade_cv(banglabert->enhanced_banglabert)
865743	None	enhanced_cascade_cv(banglabert->enhanced_banglabert)
790593	Community	enhanced_cascade_cv(banglabert->enhanced_banglabert)
623977	None	enhanced_cascade_cv(banglabert->enhanced_banglabert)
589150	None	enhanced_cascade_cv(banglabert->enhanced_banglabert)
587736	None	enhanced_cascade_cv(banglabert->enhanced_banglabert)
635158	Individual	enhanced_cascade_cv(banglabert->enhanced_banglabert)
219621	None	enhanced_cascade_cv(banglabert->enhanced_banglabert)
362671	Society	enhanced_cascade_cv(banglabert->enhanced_banglabert)
119991	None	enhanced_cascade_cv(banglabert->enhanced_banglabert)
43221	Individual	enhanced_cascade_cv(banglabert->enhanced_banglabert)
202056	Organization	enhanced_cascade_cv(banglabert->enhanced_banglabert)
562335	None	enhanced_cascade_cv(banglabert->enhanced_banglabert)
13729	None	enhanced_cascade_cv(banglabert->enhanced_banglabert)
591394	None	enhanced_cascade_cv(banglabert->enhanced_banglabert)
636425	None	enhanced_cascade_cv(banglabert->enhanced_banglabert)
145868	None	enhanced_cascade_cv(banglabert->enhanced_banglabert)
661107	Community	enhanced_cascade_cv(banglabert->enhanced_banglabert)
509296	None	enhanced_cascade_cv(banglabert->enhanced_banglabert)
849659	None	enhanced_cascade_cv(banglabert->enhanced_banglabert)
379040	None	enhanced_cascade_cv(banglabert->enhanced_banglabert)
747275	Organization	enhanced_cascade_cv(banglabert->enhanced_banglabert)
232278	Organization	enhanced_cascade_cv(banglabert->enhanced_banglabert)
442465	None	enhanced_cascade_cv(banglabert->enhanced_banglabert)
409490	None	enhanced_cascade_cv(banglabert->enhanced_banglabert)
273180	Organization	enhanced_cascade_cv(banglabert->enhanced_banglabert)
709588	None	enhanced_cascade_cv(banglabert->enhanced_banglabert)
548	None	enhanced_cascade_cv(banglabert->enhanced_banglabert)
628959	None	enhanced_cascade_cv(banglabert->enhanced_banglabert)
171382	Society	enhanced_cascade_cv(banglabert->enhanced_banglabert)
385755	None	enhanced_cascade_cv(banglabert->enhanced_banglabert)
619344	None	enhanced_cascade_cv(banglabert->enhanced_banglabert)
758551	None	enhanced_cascade_cv(banglabert->enhanced_banglabert)
886431	Community	enhanced_cascade_cv(banglabert->enhanced_banglabert)
907402	None	enhanced_cascade_cv(banglabert->enhanced_banglabert)
502655	None	enhanced_cascade_cv(banglabert->enhanced_banglabert)
509495	None	enhanced_cascade_cv(banglabert->enhanced_banglabert)
297022	Individual	enhanced_cascade_cv(banglabert->enhanced_banglabert)
82830	Individual	enhanced_cascade_cv(banglabert->enhanced_banglabert)
500515	None	enhanced_cascade_cv(banglabert->enhanced_banglabert)
679921	Individual	enhanced_cascade_cv(banglabert->enhanced_banglabert)
709146	Organization	enhanced_cascade_cv(banglabert->enhanced_banglabert)
873265	None	enhanced_cascade_cv(banglabert->enhanced_banglabert)
492591	Individual	enhanced_cascade_cv(banglabert->enhanced_banglabert)
584686	None	enhanced_cascade_cv(banglabert->enhanced_banglabert)
179483	None	enhanced_cascade_cv(banglabert->enhanced_banglabert)
935637	None	enhanced_cascade_cv(banglabert->enhanced_banglabert)
91977	Individual	enhanced_cascade_cv(banglabert->enhanced_banglabert)
928581	None	enhanced_cascade_cv(banglabert->enhanced_banglabert)
411389	None	enhanced_cascade_cv(banglabert->enhanced_banglabert)
45128	Individual	enhanced_cascade_cv(banglabert->enhanced_banglabert)
96778	Organization	enhanced_cascade_cv(banglabert->enhanced_banglabert)
503057	None	enhanced_cascade_cv(banglabert->enhanced_banglabert)
585530	None	enhanced_cascade_cv(banglabert->enhanced_banglabert)
784573	None	enhanced_cascade_cv(banglabert->enhanced_banglabert)
874499	None	enhanced_cascade_cv(banglabert->enhanced_banglabert)
4897	None	enhanced_cascade_cv(banglabert->enhanced_banglabert)
775090	Society	enhanced_cascade_cv(banglabert->enhanced_banglabert)
695310	None	enhanced_cascade_cv(banglabert->enhanced_banglabert)
479853	None	enhanced_cascade_cv(banglabert->enhanced_banglabert)
174419	Community	enhanced_cascade_cv(banglabert->enhanced_banglabert)
410897	None	enhanced_cascade_cv(banglabert->enhanced_banglabert)
744352	Society	enhanced_cascade_cv(banglabert->enhanced_banglabert)
172941	Community	enhanced_cascade_cv(banglabert->enhanced_banglabert)
392269	None	enhanced_cascade_cv(banglabert->enhanced_banglabert)
746415	None	enhanced_cascade_cv(banglabert->enhanced_banglabert)
872247	None	enhanced_cascade_cv(banglabert->enhanced_banglabert)
337471	None	enhanced_cascade_cv(banglabert->enhanced_banglabert)
541902	None	enhanced_cascade_cv(banglabert->enhanced_banglabert)
61695	None	enhanced_cascade_cv(banglabert->enhanced_banglabert)
417575	Organization	enhanced_cascade_cv(banglabert->enhanced_banglabert)
98896	None	enhanced_cascade_cv(banglabert->enhanced_banglabert)
531880	None	enhanced_cascade_cv(banglabert->enhanced_banglabert)
758220	None	enhanced_cascade_cv(banglabert->enhanced_banglabert)
698607	Society	enhanced_cascade_cv(banglabert->enhanced_banglabert)
751688	None	enhanced_cascade_cv(banglabert->enhanced_banglabert)
711377	None	enhanced_cascade_cv(banglabert->enhanced_banglabert)
112778	None	enhanced_cascade_cv(banglabert->enhanced_banglabert)
283087	None	enhanced_cascade_cv(banglabert->enhanced_banglabert)
420290	None	enhanced_cascade_cv(banglabert->enhanced_banglabert)
758765	None	enhanced_cascade_cv(banglabert->enhanced_banglabert)
466773	Community	enhanced_cascade_cv(banglabert->enhanced_banglabert)
350045	Individual	enhanced_cascade_cv(banglabert->enhanced_banglabert)
67707	Individual	enhanced_cascade_cv(banglabert->enhanced_banglabert)
376029	None	enhanced_cascade_cv(banglabert->enhanced_banglabert)
558164	Individual	enhanced_cascade_cv(banglabert->enhanced_banglabert)
692294	Community	enhanced_cascade_cv(banglabert->enhanced_banglabert)
272161	None	enhanced_cascade_cv(banglabert->enhanced_banglabert)
420220	None	enhanced_cascade_cv(banglabert->enhanced_banglabert)
512019	None	enhanced_cascade_cv(banglabert->enhanced_banglabert)
367328	None	enhanced_cascade_cv(banglabert->enhanced_banglabert)
754159	None	enhanced_cascade_cv(banglabert->enhanced_banglabert)
387364	Society	enhanced_cascade_cv(banglabert->enhanced_banglabert)
192245	None	enhanced_cascade_cv(banglabert->enhanced_banglabert)
699977	None	enhanced_cascade_cv(banglabert->enhanced_banglabert)
134067	None	enhanced_cascade_cv(banglabert->enhanced_banglabert)
106075	None	enhanced_cascade_cv(banglabert->enhanced_banglabert)
176593	Organization	enhanced_cascade_cv(banglabert->enhanced_banglabert)
780253	None	enhanced_cascade_cv(banglabert->enhanced_banglabert)
585197	None	enhanced_cascade_cv(banglabert->enhanced_banglabert)
859189	None	enhanced_cascade_cv(banglabert->enhanced_banglabert)
684364	None	enhanced_cascade_cv(banglabert->enhanced_banglabert)
755189	None	enhanced_cascade_cv(banglabert->enhanced_banglabert)
447149	Community	enhanced_cascade_cv(banglabert->enhanced_banglabert)
839699	Organization	enhanced_cascade_cv(banglabert->enhanced_banglabert)
865601	None	enhanced_cascade_cv(banglabert->enhanced_banglabert)
707132	None	enhanced_cascade_cv(banglabert->enhanced_banglabert)
370042	None	enhanced_cascade_cv(banglabert->enhanced_banglabert)
666358	Individual	enhanced_cascade_cv(banglabert->enhanced_banglabert)
411645	Community	enhanced_cascade_cv(banglabert->enhanced_banglabert)
392239	Individual	enhanced_cascade_cv(banglabert->enhanced_banglabert)
751344	None	enhanced_cascade_cv(banglabert->enhanced_banglabert)
573443	None	enhanced_cascade_cv(banglabert->enhanced_banglabert)
199479	None	enhanced_cascade_cv(banglabert->enhanced_banglabert)
599791	None	enhanced_cascade_cv(banglabert->enhanced_banglabert)
160139	Organization	enhanced_cascade_cv(banglabert->enhanced_banglabert)
782371	Individual	enhanced_cascade_cv(banglabert->enhanced_banglabert)
607251	None	enhanced_cascade_cv(banglabert->enhanced_banglabert)
390937	Society	enhanced_cascade_cv(banglabert->enhanced_banglabert)
366552	None	enhanced_cascade_cv(banglabert->enhanced_banglabert)
273247	None	enhanced_cascade_cv(banglabert->enhanced_banglabert)
54204	Community	enhanced_cascade_cv(banglabert->enhanced_banglabert)
245318	None	enhanced_cascade_cv(banglabert->enhanced_banglabert)
641266	None	enhanced_cascade_cv(banglabert->enhanced_banglabert)
928973	None	enhanced_cascade_cv(banglabert->enhanced_banglabert)
506617	None	enhanced_cascade_cv(banglabert->enhanced_banglabert)
265666	Individual	enhanced_cascade_cv(banglabert->enhanced_banglabert)
439789	Society	enhanced_cascade_cv(banglabert->enhanced_banglabert)
607226	Individual	enhanced_cascade_cv(banglabert->enhanced_banglabert)
792227	None	enhanced_cascade_cv(banglabert->enhanced_banglabert)
614312	Organization	enhanced_cascade_cv(banglabert->enhanced_banglabert)
766149	None	enhanced_cascade_cv(banglabert->enhanced_banglabert)
529031	Society	enhanced_cascade_cv(banglabert->enhanced_banglabert)
356429	None	enhanced_cascade_cv(banglabert->enhanced_banglabert)
769666	Society	enhanced_cascade_cv(banglabert->enhanced_banglabert)
564231	None	enhanced_cascade_cv(banglabert->enhanced_banglabert)
597465	None	enhanced_cascade_cv(banglabert->enhanced_banglabert)
842870	None	enhanced_cascade_cv(banglabert->enhanced_banglabert)
701223	None	enhanced_cascade_cv(banglabert->enhanced_banglabert)
876510	None	enhanced_cascade_cv(banglabert->enhanced_banglabert)
472554	None	enhanced_cascade_cv(banglabert->enhanced_banglabert)
13237	Society	enhanced_cascade_cv(banglabert->enhanced_banglabert)
187646	None	enhanced_cascade_cv(banglabert->enhanced_banglabert)
908332	None	enhanced_cascade_cv(banglabert->enhanced_banglabert)
137035	None	enhanced_cascade_cv(banglabert->enhanced_banglabert)
749248	Community	enhanced_cascade_cv(banglabert->enhanced_banglabert)
827474	Individual	enhanced_cascade_cv(banglabert->enhanced_banglabert)
424727	Individual	enhanced_cascade_cv(banglabert->enhanced_banglabert)
645220	None	enhanced_cascade_cv(banglabert->enhanced_banglabert)
780335	None	enhanced_cascade_cv(banglabert->enhanced_banglabert)
548909	Community	enhanced_cascade_cv(banglabert->enhanced_banglabert)
221833	Organization	enhanced_cascade_cv(banglabert->enhanced_banglabert)
721227	Organization	enhanced_cascade_cv(banglabert->enhanced_banglabert)
111058	Individual	enhanced_cascade_cv(banglabert->enhanced_banglabert)
58619	Individual	enhanced_cascade_cv(banglabert->enhanced_banglabert)
825865	Society	enhanced_cascade_cv(banglabert->enhanced_banglabert)
21503	None	enhanced_cascade_cv(banglabert->enhanced_banglabert)
279833	Community	enhanced_cascade_cv(banglabert->enhanced_banglabert)
869216	None	enhanced_cascade_cv(banglabert->enhanced_banglabert)
646221	Organization	enhanced_cascade_cv(banglabert->enhanced_banglabert)
785078	Individual	enhanced_cascade_cv(banglabert->enhanced_banglabert)
322109	None	enhanced_cascade_cv(banglabert->enhanced_banglabert)
121965	None	enhanced_cascade_cv(banglabert->enhanced_banglabert)
380316	None	enhanced_cascade_cv(banglabert->enhanced_banglabert)
402577	Community	enhanced_cascade_cv(banglabert->enhanced_banglabert)
912001	None	enhanced_cascade_cv(banglabert->enhanced_banglabert)
429819	None	enhanced_cascade_cv(banglabert->enhanced_banglabert)
70778	None	enhanced_cascade_cv(banglabert->enhanced_banglabert)
245485	None	enhanced_cascade_cv(banglabert->enhanced_banglabert)
337097	None	enhanced_cascade_cv(banglabert->enhanced_banglabert)
584748	None	enhanced_cascade_cv(banglabert->enhanced_banglabert)
223286	Individual	enhanced_cascade_cv(banglabert->enhanced_banglabert)
178969	None	enhanced_cascade_cv(banglabert->enhanced_banglabert)
36031	Individual	enhanced_cascade_cv(banglabert->enhanced_banglabert)
474454	None	enhanced_cascade_cv(banglabert->enhanced_banglabert)
396792	Individual	enhanced_cascade_cv(banglabert->enhanced_banglabert)
812929	Individual	enhanced_cascade_cv(banglabert->enhanced_banglabert)
493742	Individual	enhanced_cascade_cv(banglabert->enhanced_banglabert)
342528	None	enhanced_cascade_cv(banglabert->enhanced_banglabert)
293411	None	enhanced_cascade_cv(banglabert->enhanced_banglabert)
28969	None	enhanced_cascade_cv(banglabert->enhanced_banglabert)
923608	Individual	enhanced_cascade_cv(banglabert->enhanced_banglabert)
525058	None	enhanced_cascade_cv(banglabert->enhanced_banglabert)
476964	None	enhanced_cascade_cv(banglabert->enhanced_banglabert)
570375	None	enhanced_cascade_cv(banglabert->enhanced_banglabert)
240954	Organization	enhanced_cascade_cv(banglabert->enhanced_banglabert)
463205	Individual	enhanced_cascade_cv(banglabert->enhanced_banglabert)
415349	None	enhanced_cascade_cv(banglabert->enhanced_banglabert)
461370	Society	enhanced_cascade_cv(banglabert->enhanced_banglabert)
808116	Individual	enhanced_cascade_cv(banglabert->enhanced_banglabert)
325293	Individual	enhanced_cascade_cv(banglabert->enhanced_banglabert)
241537	None	enhanced_cascade_cv(banglabert->enhanced_banglabert)
515363	Individual	enhanced_cascade_cv(banglabert->enhanced_banglabert)
736241	None	enhanced_cascade_cv(banglabert->enhanced_banglabert)
261840	Organization	enhanced_cascade_cv(banglabert->enhanced_banglabert)
165196	None	enhanced_cascade_cv(banglabert->enhanced_banglabert)
109416	Organization	enhanced_cascade_cv(banglabert->enhanced_banglabert)
862219	Individual	enhanced_cascade_cv(banglabert->enhanced_banglabert)
400225	Community	enhanced_cascade_cv(banglabert->enhanced_banglabert)
24858	None	enhanced_cascade_cv(banglabert->enhanced_banglabert)
154179	Individual	enhanced_cascade_cv(banglabert->enhanced_banglabert)
434557	Organization	enhanced_cascade_cv(banglabert->enhanced_banglabert)
698884	None	enhanced_cascade_cv(banglabert->enhanced_banglabert)
445124	None	enhanced_cascade_cv(banglabert->enhanced_banglabert)
595638	Individual	enhanced_cascade_cv(banglabert->enhanced_banglabert)
462854	None	enhanced_cascade_cv(banglabert->enhanced_banglabert)
714804	None	enhanced_cascade_cv(banglabert->enhanced_banglabert)
200649	Organization	enhanced_cascade_cv(banglabert->enhanced_banglabert)
808761	Community	enhanced_cascade_cv(banglabert->enhanced_banglabert)
621410	Organization	enhanced_cascade_cv(banglabert->enhanced_banglabert)
525750	Individual	enhanced_cascade_cv(banglabert->enhanced_banglabert)
102762	Society	enhanced_cascade_cv(banglabert->enhanced_banglabert)
862372	Individual	enhanced_cascade_cv(banglabert->enhanced_banglabert)
106732	Community	enhanced_cascade_cv(banglabert->enhanced_banglabert)
588701	Individual	enhanced_cascade_cv(banglabert->enhanced_banglabert)
401091	None	enhanced_cascade_cv(banglabert->enhanced_banglabert)
654048	None	enhanced_cascade_cv(banglabert->enhanced_banglabert)
578556	None	enhanced_cascade_cv(banglabert->enhanced_banglabert)
350237	None	enhanced_cascade_cv(banglabert->enhanced_banglabert)
315448	None	enhanced_cascade_cv(banglabert->enhanced_banglabert)
266161	None	enhanced_cascade_cv(banglabert->enhanced_banglabert)
122105	None	enhanced_cascade_cv(banglabert->enhanced_banglabert)
332146	None	enhanced_cascade_cv(banglabert->enhanced_banglabert)
643104	None	enhanced_cascade_cv(banglabert->enhanced_banglabert)
17183	None	enhanced_cascade_cv(banglabert->enhanced_banglabert)
95603	Society	enhanced_cascade_cv(banglabert->enhanced_banglabert)
843123	None	enhanced_cascade_cv(banglabert->enhanced_banglabert)
134747	Organization	enhanced_cascade_cv(banglabert->enhanced_banglabert)
418410	None	enhanced_cascade_cv(banglabert->enhanced_banglabert)
454851	Organization	enhanced_cascade_cv(banglabert->enhanced_banglabert)
260288	None	enhanced_cascade_cv(banglabert->enhanced_banglabert)
759582	Individual	enhanced_cascade_cv(banglabert->enhanced_banglabert)
825629	Society	enhanced_cascade_cv(banglabert->enhanced_banglabert)
439739	None	enhanced_cascade_cv(banglabert->enhanced_banglabert)
400971	Individual	enhanced_cascade_cv(banglabert->enhanced_banglabert)
360387	None	enhanced_cascade_cv(banglabert->enhanced_banglabert)
173748	Community	enhanced_cascade_cv(banglabert->enhanced_banglabert)
180105	None	enhanced_cascade_cv(banglabert->enhanced_banglabert)
652067	None	enhanced_cascade_cv(banglabert->enhanced_banglabert)
444114	Society	enhanced_cascade_cv(banglabert->enhanced_banglabert)
187371	Individual	enhanced_cascade_cv(banglabert->enhanced_banglabert)
692050	None	enhanced_cascade_cv(banglabert->enhanced_banglabert)
216898	None	enhanced_cascade_cv(banglabert->enhanced_banglabert)
181741	Individual	enhanced_cascade_cv(banglabert->enhanced_banglabert)
229002	None	enhanced_cascade_cv(banglabert->enhanced_banglabert)
611051	Individual	enhanced_cascade_cv(banglabert->enhanced_banglabert)
577575	Organization	enhanced_cascade_cv(banglabert->enhanced_banglabert)
209438	Community	enhanced_cascade_cv(banglabert->enhanced_banglabert)
106419	None	enhanced_cascade_cv(banglabert->enhanced_banglabert)
467718	Individual	enhanced_cascade_cv(banglabert->enhanced_banglabert)
564975	Individual	enhanced_cascade_cv(banglabert->enhanced_banglabert)
929542	None	enhanced_cascade_cv(banglabert->enhanced_banglabert)
464783	None	enhanced_cascade_cv(banglabert->enhanced_banglabert)
54397	None	enhanced_cascade_cv(banglabert->enhanced_banglabert)
392167	Organization	enhanced_cascade_cv(banglabert->enhanced_banglabert)
563784	None	enhanced_cascade_cv(banglabert->enhanced_banglabert)
375373	None	enhanced_cascade_cv(banglabert->enhanced_banglabert)
727423	None	enhanced_cascade_cv(banglabert->enhanced_banglabert)
838311	Individual	enhanced_cascade_cv(banglabert->enhanced_banglabert)
44449	None	enhanced_cascade_cv(banglabert->enhanced_banglabert)
358913	None	enhanced_cascade_cv(banglabert->enhanced_banglabert)
828152	Community	enhanced_cascade_cv(banglabert->enhanced_banglabert)
786683	None	enhanced_cascade_cv(banglabert->enhanced_banglabert)
209659	Organization	enhanced_cascade_cv(banglabert->enhanced_banglabert)
117299	Organization	enhanced_cascade_cv(banglabert->enhanced_banglabert)
362129	Individual	enhanced_cascade_cv(banglabert->enhanced_banglabert)
417299	None	enhanced_cascade_cv(banglabert->enhanced_banglabert)
366108	None	enhanced_cascade_cv(banglabert->enhanced_banglabert)
67636	Organization	enhanced_cascade_cv(banglabert->enhanced_banglabert)
676589	None	enhanced_cascade_cv(banglabert->enhanced_banglabert)
857813	Individual	enhanced_cascade_cv(banglabert->enhanced_banglabert)
199029	None	enhanced_cascade_cv(banglabert->enhanced_banglabert)
210541	None	enhanced_cascade_cv(banglabert->enhanced_banglabert)
448340	None	enhanced_cascade_cv(banglabert->enhanced_banglabert)
681578	None	enhanced_cascade_cv(banglabert->enhanced_banglabert)
863560	None	enhanced_cascade_cv(banglabert->enhanced_banglabert)
462497	None	enhanced_cascade_cv(banglabert->enhanced_banglabert)
464644	Individual	enhanced_cascade_cv(banglabert->enhanced_banglabert)
643210	None	enhanced_cascade_cv(banglabert->enhanced_banglabert)
66831	Community	enhanced_cascade_cv(banglabert->enhanced_banglabert)
748314	Society	enhanced_cascade_cv(banglabert->enhanced_banglabert)
299935	Community	enhanced_cascade_cv(banglabert->enhanced_banglabert)
335017	None	enhanced_cascade_cv(banglabert->enhanced_banglabert)
906175	None	enhanced_cascade_cv(banglabert->enhanced_banglabert)
627301	Organization	enhanced_cascade_cv(banglabert->enhanced_banglabert)
438079	None	enhanced_cascade_cv(banglabert->enhanced_banglabert)
111688	Individual	enhanced_cascade_cv(banglabert->enhanced_banglabert)
84067	None	enhanced_cascade_cv(banglabert->enhanced_banglabert)
827455	Society	enhanced_cascade_cv(banglabert->enhanced_banglabert)
658472	Individual	enhanced_cascade_cv(banglabert->enhanced_banglabert)
12569	None	enhanced_cascade_cv(banglabert->enhanced_banglabert)
278890	None	enhanced_cascade_cv(banglabert->enhanced_banglabert)
682234	None	enhanced_cascade_cv(banglabert->enhanced_banglabert)
170632	None	enhanced_cascade_cv(banglabert->enhanced_banglabert)
567857	None	enhanced_cascade_cv(banglabert->enhanced_banglabert)
536085	Individual	enhanced_cascade_cv(banglabert->enhanced_banglabert)
274720	None	enhanced_cascade_cv(banglabert->enhanced_banglabert)
523151	None	enhanced_cascade_cv(banglabert->enhanced_banglabert)
123980	None	enhanced_cascade_cv(banglabert->enhanced_banglabert)
87066	Organization	enhanced_cascade_cv(banglabert->enhanced_banglabert)
119931	Organization	enhanced_cascade_cv(banglabert->enhanced_banglabert)
161857	Organization	enhanced_cascade_cv(banglabert->enhanced_banglabert)
538218	Individual	enhanced_cascade_cv(banglabert->enhanced_banglabert)
770226	None	enhanced_cascade_cv(banglabert->enhanced_banglabert)
621095	Organization	enhanced_cascade_cv(banglabert->enhanced_banglabert)
706192	None	enhanced_cascade_cv(banglabert->enhanced_banglabert)
799080	Organization	enhanced_cascade_cv(banglabert->enhanced_banglabert)
468480	None	enhanced_cascade_cv(banglabert->enhanced_banglabert)
673257	None	enhanced_cascade_cv(banglabert->enhanced_banglabert)
360446	None	enhanced_cascade_cv(banglabert->enhanced_banglabert)
889599	None	enhanced_cascade_cv(banglabert->enhanced_banglabert)
542823	None	enhanced_cascade_cv(banglabert->enhanced_banglabert)
526843	None	enhanced_cascade_cv(banglabert->enhanced_banglabert)
505247	None	enhanced_cascade_cv(banglabert->enhanced_banglabert)
739976	None	enhanced_cascade_cv(banglabert->enhanced_banglabert)
257203	Organization	enhanced_cascade_cv(banglabert->enhanced_banglabert)
804881	None	enhanced_cascade_cv(banglabert->enhanced_banglabert)
80224	Community	enhanced_cascade_cv(banglabert->enhanced_banglabert)
689733	Community	enhanced_cascade_cv(banglabert->enhanced_banglabert)
369960	None	enhanced_cascade_cv(banglabert->enhanced_banglabert)
864976	Community	enhanced_cascade_cv(banglabert->enhanced_banglabert)
577789	Community	enhanced_cascade_cv(banglabert->enhanced_banglabert)
684823	Organization	enhanced_cascade_cv(banglabert->enhanced_banglabert)
898422	None	enhanced_cascade_cv(banglabert->enhanced_banglabert)
526777	None	enhanced_cascade_cv(banglabert->enhanced_banglabert)
610498	Individual	enhanced_cascade_cv(banglabert->enhanced_banglabert)
645602	None	enhanced_cascade_cv(banglabert->enhanced_banglabert)
297108	None	enhanced_cascade_cv(banglabert->enhanced_banglabert)
605804	None	enhanced_cascade_cv(banglabert->enhanced_banglabert)
203896	Community	enhanced_cascade_cv(banglabert->enhanced_banglabert)
24387	None	enhanced_cascade_cv(banglabert->enhanced_banglabert)
506580	None	enhanced_cascade_cv(banglabert->enhanced_banglabert)
392501	None	enhanced_cascade_cv(banglabert->enhanced_banglabert)
678264	None	enhanced_cascade_cv(banglabert->enhanced_banglabert)
116346	Individual	enhanced_cascade_cv(banglabert->enhanced_banglabert)
792581	Society	enhanced_cascade_cv(banglabert->enhanced_banglabert)
738917	None	enhanced_cascade_cv(banglabert->enhanced_banglabert)
920370	None	enhanced_cascade_cv(banglabert->enhanced_banglabert)
612090	None	enhanced_cascade_cv(banglabert->enhanced_banglabert)
323213	None	enhanced_cascade_cv(banglabert->enhanced_banglabert)
783309	None	enhanced_cascade_cv(banglabert->enhanced_banglabert)
173876	None	enhanced_cascade_cv(banglabert->enhanced_banglabert)
363521	None	enhanced_cascade_cv(banglabert->enhanced_banglabert)
498607	None	enhanced_cascade_cv(banglabert->enhanced_banglabert)
482899	None	enhanced_cascade_cv(banglabert->enhanced_banglabert)
569480	Community	enhanced_cascade_cv(banglabert->enhanced_banglabert)
755689	None	enhanced_cascade_cv(banglabert->enhanced_banglabert)
610707	None	enhanced_cascade_cv(banglabert->enhanced_banglabert)
130554	None	enhanced_cascade_cv(banglabert->enhanced_banglabert)
354193	None	enhanced_cascade_cv(banglabert->enhanced_banglabert)
280327	Organization	enhanced_cascade_cv(banglabert->enhanced_banglabert)
798516	None	enhanced_cascade_cv(banglabert->enhanced_banglabert)
55689	Individual	enhanced_cascade_cv(banglabert->enhanced_banglabert)
379874	Individual	enhanced_cascade_cv(banglabert->enhanced_banglabert)
557832	None	enhanced_cascade_cv(banglabert->enhanced_banglabert)
638234	None	enhanced_cascade_cv(banglabert->enhanced_banglabert)
351181	None	enhanced_cascade_cv(banglabert->enhanced_banglabert)
690374	None	enhanced_cascade_cv(banglabert->enhanced_banglabert)
786106	None	enhanced_cascade_cv(banglabert->enhanced_banglabert)
424027	Organization	enhanced_cascade_cv(banglabert->enhanced_banglabert)
244078	Individual	enhanced_cascade_cv(banglabert->enhanced_banglabert)
418880	Community	enhanced_cascade_cv(banglabert->enhanced_banglabert)
808816	None	enhanced_cascade_cv(banglabert->enhanced_banglabert)
602455	Organization	enhanced_cascade_cv(banglabert->enhanced_banglabert)
497274	None	enhanced_cascade_cv(banglabert->enhanced_banglabert)
276012	None	enhanced_cascade_cv(banglabert->enhanced_banglabert)
871955	Individual	enhanced_cascade_cv(banglabert->enhanced_banglabert)
206077	Individual	enhanced_cascade_cv(banglabert->enhanced_banglabert)
193034	Individual	enhanced_cascade_cv(banglabert->enhanced_banglabert)
226965	Individual	enhanced_cascade_cv(banglabert->enhanced_banglabert)
12237	Organization	enhanced_cascade_cv(banglabert->enhanced_banglabert)
537985	Organization	enhanced_cascade_cv(banglabert->enhanced_banglabert)
173596	None	enhanced_cascade_cv(banglabert->enhanced_banglabert)
715055	None	enhanced_cascade_cv(banglabert->enhanced_banglabert)
717713	None	enhanced_cascade_cv(banglabert->enhanced_banglabert)
374033	Organization	enhanced_cascade_cv(banglabert->enhanced_banglabert)
600315	Individual	enhanced_cascade_cv(banglabert->enhanced_banglabert)
5961	Organization	enhanced_cascade_cv(banglabert->enhanced_banglabert)
635963	None	enhanced_cascade_cv(banglabert->enhanced_banglabert)
926904	None	enhanced_cascade_cv(banglabert->enhanced_banglabert)
840249	Individual	enhanced_cascade_cv(banglabert->enhanced_banglabert)
711512	None	enhanced_cascade_cv(banglabert->enhanced_banglabert)
836412	None	enhanced_cascade_cv(banglabert->enhanced_banglabert)
496800	None	enhanced_cascade_cv(banglabert->enhanced_banglabert)
117308	Individual	enhanced_cascade_cv(banglabert->enhanced_banglabert)
378616	None	enhanced_cascade_cv(banglabert->enhanced_banglabert)
148504	Individual	enhanced_cascade_cv(banglabert->enhanced_banglabert)
251656	None	enhanced_cascade_cv(banglabert->enhanced_banglabert)
726791	Community	enhanced_cascade_cv(banglabert->enhanced_banglabert)
282787	None	enhanced_cascade_cv(banglabert->enhanced_banglabert)
549636	None	enhanced_cascade_cv(banglabert->enhanced_banglabert)
919509	None	enhanced_cascade_cv(banglabert->enhanced_banglabert)
18512	None	enhanced_cascade_cv(banglabert->enhanced_banglabert)
534195	None	enhanced_cascade_cv(banglabert->enhanced_banglabert)
362984	None	enhanced_cascade_cv(banglabert->enhanced_banglabert)
39620	Individual	enhanced_cascade_cv(banglabert->enhanced_banglabert)
558565	None	enhanced_cascade_cv(banglabert->enhanced_banglabert)
675166	Individual	enhanced_cascade_cv(banglabert->enhanced_banglabert)
837886	Individual	enhanced_cascade_cv(banglabert->enhanced_banglabert)
190187	None	enhanced_cascade_cv(banglabert->enhanced_banglabert)
667454	None	enhanced_cascade_cv(banglabert->enhanced_banglabert)
267472	None	enhanced_cascade_cv(banglabert->enhanced_banglabert)
631535	None	enhanced_cascade_cv(banglabert->enhanced_banglabert)
771604	None	enhanced_cascade_cv(banglabert->enhanced_banglabert)
828770	None	enhanced_cascade_cv(banglabert->enhanced_banglabert)
928727	None	enhanced_cascade_cv(banglabert->enhanced_banglabert)
397077	None	enhanced_cascade_cv(banglabert->enhanced_banglabert)
574546	None	enhanced_cascade_cv(banglabert->enhanced_banglabert)
146218	Organization	enhanced_cascade_cv(banglabert->enhanced_banglabert)
909757	None	enhanced_cascade_cv(banglabert->enhanced_banglabert)
69217	Individual	enhanced_cascade_cv(banglabert->enhanced_banglabert)
892801	Individual	enhanced_cascade_cv(banglabert->enhanced_banglabert)
254004	Individual	enhanced_cascade_cv(banglabert->enhanced_banglabert)
761208	Community	enhanced_cascade_cv(banglabert->enhanced_banglabert)
775449	None	enhanced_cascade_cv(banglabert->enhanced_banglabert)
642575	None	enhanced_cascade_cv(banglabert->enhanced_banglabert)
223550	None	enhanced_cascade_cv(banglabert->enhanced_banglabert)
577051	None	enhanced_cascade_cv(banglabert->enhanced_banglabert)
730719	None	enhanced_cascade_cv(banglabert->enhanced_banglabert)
583653	None	enhanced_cascade_cv(banglabert->enhanced_banglabert)
540188	None	enhanced_cascade_cv(banglabert->enhanced_banglabert)
387961	Community	enhanced_cascade_cv(banglabert->enhanced_banglabert)
344594	None	enhanced_cascade_cv(banglabert->enhanced_banglabert)
912257	None	enhanced_cascade_cv(banglabert->enhanced_banglabert)
606219	Individual	enhanced_cascade_cv(banglabert->enhanced_banglabert)
542598	Organization	enhanced_cascade_cv(banglabert->enhanced_banglabert)
485805	None	enhanced_cascade_cv(banglabert->enhanced_banglabert)
31464	None	enhanced_cascade_cv(banglabert->enhanced_banglabert)
176246	None	enhanced_cascade_cv(banglabert->enhanced_banglabert)
280758	Organization	enhanced_cascade_cv(banglabert->enhanced_banglabert)
103937	None	enhanced_cascade_cv(banglabert->enhanced_banglabert)
331901	Organization	enhanced_cascade_cv(banglabert->enhanced_banglabert)
619805	Organization	enhanced_cascade_cv(banglabert->enhanced_banglabert)
793539	None	enhanced_cascade_cv(banglabert->enhanced_banglabert)
25928	Organization	enhanced_cascade_cv(banglabert->enhanced_banglabert)
403492	Individual	enhanced_cascade_cv(banglabert->enhanced_banglabert)
636897	None	enhanced_cascade_cv(banglabert->enhanced_banglabert)
225315	Organization	enhanced_cascade_cv(banglabert->enhanced_banglabert)
706413	Individual	enhanced_cascade_cv(banglabert->enhanced_banglabert)
258569	None	enhanced_cascade_cv(banglabert->enhanced_banglabert)
459077	None	enhanced_cascade_cv(banglabert->enhanced_banglabert)
886589	None	enhanced_cascade_cv(banglabert->enhanced_banglabert)
136479	Community	enhanced_cascade_cv(banglabert->enhanced_banglabert)
854679	Community	enhanced_cascade_cv(banglabert->enhanced_banglabert)
675095	Community	enhanced_cascade_cv(banglabert->enhanced_banglabert)
758728	None	enhanced_cascade_cv(banglabert->enhanced_banglabert)
1900	Organization	enhanced_cascade_cv(banglabert->enhanced_banglabert)
340944	None	enhanced_cascade_cv(banglabert->enhanced_banglabert)
49706	None	enhanced_cascade_cv(banglabert->enhanced_banglabert)
724683	Society	enhanced_cascade_cv(banglabert->enhanced_banglabert)
488706	None	enhanced_cascade_cv(banglabert->enhanced_banglabert)
450457	Organization	enhanced_cascade_cv(banglabert->enhanced_banglabert)
634954	None	enhanced_cascade_cv(banglabert->enhanced_banglabert)
469158	Society	enhanced_cascade_cv(banglabert->enhanced_banglabert)
796722	Individual	enhanced_cascade_cv(banglabert->enhanced_banglabert)
584538	Community	enhanced_cascade_cv(banglabert->enhanced_banglabert)
523578	None	enhanced_cascade_cv(banglabert->enhanced_banglabert)
925251	None	enhanced_cascade_cv(banglabert->enhanced_banglabert)
564503	None	enhanced_cascade_cv(banglabert->enhanced_banglabert)
921433	None	enhanced_cascade_cv(banglabert->enhanced_banglabert)
605329	Individual	enhanced_cascade_cv(banglabert->enhanced_banglabert)
496757	Individual	enhanced_cascade_cv(banglabert->enhanced_banglabert)
743991	None	enhanced_cascade_cv(banglabert->enhanced_banglabert)
831211	None	enhanced_cascade_cv(banglabert->enhanced_banglabert)
450710	None	enhanced_cascade_cv(banglabert->enhanced_banglabert)
507662	Community	enhanced_cascade_cv(banglabert->enhanced_banglabert)
793551	None	enhanced_cascade_cv(banglabert->enhanced_banglabert)
334957	Individual	enhanced_cascade_cv(banglabert->enhanced_banglabert)
415154	None	enhanced_cascade_cv(banglabert->enhanced_banglabert)
463331	None	enhanced_cascade_cv(banglabert->enhanced_banglabert)
261155	None	enhanced_cascade_cv(banglabert->enhanced_banglabert)
843681	None	enhanced_cascade_cv(banglabert->enhanced_banglabert)
417619	Community	enhanced_cascade_cv(banglabert->enhanced_banglabert)
51798	None	enhanced_cascade_cv(banglabert->enhanced_banglabert)
19425	None	enhanced_cascade_cv(banglabert->enhanced_banglabert)
588786	None	enhanced_cascade_cv(banglabert->enhanced_banglabert)
687986	None	enhanced_cascade_cv(banglabert->enhanced_banglabert)
926649	None	enhanced_cascade_cv(banglabert->enhanced_banglabert)
937327	None	enhanced_cascade_cv(banglabert->enhanced_banglabert)
268251	None	enhanced_cascade_cv(banglabert->enhanced_banglabert)
666254	None	enhanced_cascade_cv(banglabert->enhanced_banglabert)
187334	None	enhanced_cascade_cv(banglabert->enhanced_banglabert)
212541	Individual	enhanced_cascade_cv(banglabert->enhanced_banglabert)
516760	None	enhanced_cascade_cv(banglabert->enhanced_banglabert)
927601	None	enhanced_cascade_cv(banglabert->enhanced_banglabert)
587942	None	enhanced_cascade_cv(banglabert->enhanced_banglabert)
186176	None	enhanced_cascade_cv(banglabert->enhanced_banglabert)
575025	None	enhanced_cascade_cv(banglabert->enhanced_banglabert)
600206	None	enhanced_cascade_cv(banglabert->enhanced_banglabert)
645906	Organization	enhanced_cascade_cv(banglabert->enhanced_banglabert)
593866	Individual	enhanced_cascade_cv(banglabert->enhanced_banglabert)
566247	Organization	enhanced_cascade_cv(banglabert->enhanced_banglabert)
519772	None	enhanced_cascade_cv(banglabert->enhanced_banglabert)
290431	None	enhanced_cascade_cv(banglabert->enhanced_banglabert)
478817	None	enhanced_cascade_cv(banglabert->enhanced_banglabert)
483813	None	enhanced_cascade_cv(banglabert->enhanced_banglabert)
881168	None	enhanced_cascade_cv(banglabert->enhanced_banglabert)
555415	None	enhanced_cascade_cv(banglabert->enhanced_banglabert)
632276	None	enhanced_cascade_cv(banglabert->enhanced_banglabert)
76681	Individual	enhanced_cascade_cv(banglabert->enhanced_banglabert)
429665	None	enhanced_cascade_cv(banglabert->enhanced_banglabert)
612422	None	enhanced_cascade_cv(banglabert->enhanced_banglabert)
34522	None	enhanced_cascade_cv(banglabert->enhanced_banglabert)
777523	None	enhanced_cascade_cv(banglabert->enhanced_banglabert)
489180	Organization	enhanced_cascade_cv(banglabert->enhanced_banglabert)
697185	Community	enhanced_cascade_cv(banglabert->enhanced_banglabert)
174319	Community	enhanced_cascade_cv(banglabert->enhanced_banglabert)
896099	None	enhanced_cascade_cv(banglabert->enhanced_banglabert)
135100	None	enhanced_cascade_cv(banglabert->enhanced_banglabert)
888808	None	enhanced_cascade_cv(banglabert->enhanced_banglabert)
589412	None	enhanced_cascade_cv(banglabert->enhanced_banglabert)
598955	Individual	enhanced_cascade_cv(banglabert->enhanced_banglabert)
746405	Individual	enhanced_cascade_cv(banglabert->enhanced_banglabert)
544040	None	enhanced_cascade_cv(banglabert->enhanced_banglabert)
396565	None	enhanced_cascade_cv(banglabert->enhanced_banglabert)
648722	None	enhanced_cascade_cv(banglabert->enhanced_banglabert)
61978	Community	enhanced_cascade_cv(banglabert->enhanced_banglabert)
294277	Community	enhanced_cascade_cv(banglabert->enhanced_banglabert)
495708	None	enhanced_cascade_cv(banglabert->enhanced_banglabert)
196657	Organization	enhanced_cascade_cv(banglabert->enhanced_banglabert)
120910	None	enhanced_cascade_cv(banglabert->enhanced_banglabert)
720494	None	enhanced_cascade_cv(banglabert->enhanced_banglabert)
247537	None	enhanced_cascade_cv(banglabert->enhanced_banglabert)
847819	None	enhanced_cascade_cv(banglabert->enhanced_banglabert)
248331	None	enhanced_cascade_cv(banglabert->enhanced_banglabert)
400026	Organization	enhanced_cascade_cv(banglabert->enhanced_banglabert)
471734	None	enhanced_cascade_cv(banglabert->enhanced_banglabert)
602612	None	enhanced_cascade_cv(banglabert->enhanced_banglabert)
771423	None	enhanced_cascade_cv(banglabert->enhanced_banglabert)
389660	None	enhanced_cascade_cv(banglabert->enhanced_banglabert)
179487	None	enhanced_cascade_cv(banglabert->enhanced_banglabert)
200307	None	enhanced_cascade_cv(banglabert->enhanced_banglabert)
222362	Individual	enhanced_cascade_cv(banglabert->enhanced_banglabert)
705015	None	enhanced_cascade_cv(banglabert->enhanced_banglabert)
420691	None	enhanced_cascade_cv(banglabert->enhanced_banglabert)
922121	None	enhanced_cascade_cv(banglabert->enhanced_banglabert)
815153	None	enhanced_cascade_cv(banglabert->enhanced_banglabert)
323350	None	enhanced_cascade_cv(banglabert->enhanced_banglabert)
325111	None	enhanced_cascade_cv(banglabert->enhanced_banglabert)
95221	None	enhanced_cascade_cv(banglabert->enhanced_banglabert)
529386	None	enhanced_cascade_cv(banglabert->enhanced_banglabert)
728968	None	enhanced_cascade_cv(banglabert->enhanced_banglabert)
777315	None	enhanced_cascade_cv(banglabert->enhanced_banglabert)
352553	None	enhanced_cascade_cv(banglabert->enhanced_banglabert)
35751	None	enhanced_cascade_cv(banglabert->enhanced_banglabert)
472844	None	enhanced_cascade_cv(banglabert->enhanced_banglabert)
879276	None	enhanced_cascade_cv(banglabert->enhanced_banglabert)
296117	None	enhanced_cascade_cv(banglabert->enhanced_banglabert)
641339	Individual	enhanced_cascade_cv(banglabert->enhanced_banglabert)
706160	None	enhanced_cascade_cv(banglabert->enhanced_banglabert)
463387	None	enhanced_cascade_cv(banglabert->enhanced_banglabert)
856334	Individual	enhanced_cascade_cv(banglabert->enhanced_banglabert)
2886	Community	enhanced_cascade_cv(banglabert->enhanced_banglabert)
168390	None	enhanced_cascade_cv(banglabert->enhanced_banglabert)
163228	Community	enhanced_cascade_cv(banglabert->enhanced_banglabert)
177687	Community	enhanced_cascade_cv(banglabert->enhanced_banglabert)
326291	Community	enhanced_cascade_cv(banglabert->enhanced_banglabert)
82927	None	enhanced_cascade_cv(banglabert->enhanced_banglabert)
47064	None	enhanced_cascade_cv(banglabert->enhanced_banglabert)
794710	Society	enhanced_cascade_cv(banglabert->enhanced_banglabert)
691228	Individual	enhanced_cascade_cv(banglabert->enhanced_banglabert)
315267	None	enhanced_cascade_cv(banglabert->enhanced_banglabert)
479208	Society	enhanced_cascade_cv(banglabert->enhanced_banglabert)
410234	Individual	enhanced_cascade_cv(banglabert->enhanced_banglabert)
918376	None	enhanced_cascade_cv(banglabert->enhanced_banglabert)
20092	Organization	enhanced_cascade_cv(banglabert->enhanced_banglabert)
237479	None	enhanced_cascade_cv(banglabert->enhanced_banglabert)
596178	None	enhanced_cascade_cv(banglabert->enhanced_banglabert)
105327	None	enhanced_cascade_cv(banglabert->enhanced_banglabert)
544970	None	enhanced_cascade_cv(banglabert->enhanced_banglabert)
15935	None	enhanced_cascade_cv(banglabert->enhanced_banglabert)
665864	None	enhanced_cascade_cv(banglabert->enhanced_banglabert)
319856	None	enhanced_cascade_cv(banglabert->enhanced_banglabert)
242413	None	enhanced_cascade_cv(banglabert->enhanced_banglabert)
929883	Individual	enhanced_cascade_cv(banglabert->enhanced_banglabert)
534291	None	enhanced_cascade_cv(banglabert->enhanced_banglabert)
528268	None	enhanced_cascade_cv(banglabert->enhanced_banglabert)
44756	None	enhanced_cascade_cv(banglabert->enhanced_banglabert)
62638	None	enhanced_cascade_cv(banglabert->enhanced_banglabert)
334371	Individual	enhanced_cascade_cv(banglabert->enhanced_banglabert)
534473	Individual	enhanced_cascade_cv(banglabert->enhanced_banglabert)
829478	None	enhanced_cascade_cv(banglabert->enhanced_banglabert)
267938	Individual	enhanced_cascade_cv(banglabert->enhanced_banglabert)
445606	Individual	enhanced_cascade_cv(banglabert->enhanced_banglabert)
149825	None	enhanced_cascade_cv(banglabert->enhanced_banglabert)
612611	None	enhanced_cascade_cv(banglabert->enhanced_banglabert)
871288	None	enhanced_cascade_cv(banglabert->enhanced_banglabert)
411109	Community	enhanced_cascade_cv(banglabert->enhanced_banglabert)
889149	None	enhanced_cascade_cv(banglabert->enhanced_banglabert)
513353	None	enhanced_cascade_cv(banglabert->enhanced_banglabert)
121570	None	enhanced_cascade_cv(banglabert->enhanced_banglabert)
891922	Individual	enhanced_cascade_cv(banglabert->enhanced_banglabert)
268168	None	enhanced_cascade_cv(banglabert->enhanced_banglabert)
867117	None	enhanced_cascade_cv(banglabert->enhanced_banglabert)
120973	None	enhanced_cascade_cv(banglabert->enhanced_banglabert)
873179	None	enhanced_cascade_cv(banglabert->enhanced_banglabert)
518099	None	enhanced_cascade_cv(banglabert->enhanced_banglabert)
880398	None	enhanced_cascade_cv(banglabert->enhanced_banglabert)
827558	Individual	enhanced_cascade_cv(banglabert->enhanced_banglabert)
451773	None	enhanced_cascade_cv(banglabert->enhanced_banglabert)
41409	Individual	enhanced_cascade_cv(banglabert->enhanced_banglabert)
541252	None	enhanced_cascade_cv(banglabert->enhanced_banglabert)
675917	Organization	enhanced_cascade_cv(banglabert->enhanced_banglabert)
258799	None	enhanced_cascade_cv(banglabert->enhanced_banglabert)
306333	None	enhanced_cascade_cv(banglabert->enhanced_banglabert)
845041	None	enhanced_cascade_cv(banglabert->enhanced_banglabert)
764962	Society	enhanced_cascade_cv(banglabert->enhanced_banglabert)
165973	None	enhanced_cascade_cv(banglabert->enhanced_banglabert)
708370	None	enhanced_cascade_cv(banglabert->enhanced_banglabert)
613387	None	enhanced_cascade_cv(banglabert->enhanced_banglabert)
804378	None	enhanced_cascade_cv(banglabert->enhanced_banglabert)
321935	Organization	enhanced_cascade_cv(banglabert->enhanced_banglabert)
63958	None	enhanced_cascade_cv(banglabert->enhanced_banglabert)
574344	Individual	enhanced_cascade_cv(banglabert->enhanced_banglabert)
678964	None	enhanced_cascade_cv(banglabert->enhanced_banglabert)
184731	Society	enhanced_cascade_cv(banglabert->enhanced_banglabert)
179944	None	enhanced_cascade_cv(banglabert->enhanced_banglabert)
125129	None	enhanced_cascade_cv(banglabert->enhanced_banglabert)
753694	None	enhanced_cascade_cv(banglabert->enhanced_banglabert)
564705	Individual	enhanced_cascade_cv(banglabert->enhanced_banglabert)
652337	Community	enhanced_cascade_cv(banglabert->enhanced_banglabert)
216697	None	enhanced_cascade_cv(banglabert->enhanced_banglabert)
684937	None	enhanced_cascade_cv(banglabert->enhanced_banglabert)
501350	None	enhanced_cascade_cv(banglabert->enhanced_banglabert)
658231	None	enhanced_cascade_cv(banglabert->enhanced_banglabert)
369588	Society	enhanced_cascade_cv(banglabert->enhanced_banglabert)
345742	None	enhanced_cascade_cv(banglabert->enhanced_banglabert)
93590	Organization	enhanced_cascade_cv(banglabert->enhanced_banglabert)
495717	None	enhanced_cascade_cv(banglabert->enhanced_banglabert)
937539	None	enhanced_cascade_cv(banglabert->enhanced_banglabert)
570109	Community	enhanced_cascade_cv(banglabert->enhanced_banglabert)
311860	Community	enhanced_cascade_cv(banglabert->enhanced_banglabert)
284407	None	enhanced_cascade_cv(banglabert->enhanced_banglabert)
31982	None	enhanced_cascade_cv(banglabert->enhanced_banglabert)
560656	None	enhanced_cascade_cv(banglabert->enhanced_banglabert)
426198	None	enhanced_cascade_cv(banglabert->enhanced_banglabert)
646184	None	enhanced_cascade_cv(banglabert->enhanced_banglabert)
473885	None	enhanced_cascade_cv(banglabert->enhanced_banglabert)
317283	None	enhanced_cascade_cv(banglabert->enhanced_banglabert)
550307	Individual	enhanced_cascade_cv(banglabert->enhanced_banglabert)
273606	None	enhanced_cascade_cv(banglabert->enhanced_banglabert)
396498	None	enhanced_cascade_cv(banglabert->enhanced_banglabert)
387800	None	enhanced_cascade_cv(banglabert->enhanced_banglabert)
498444	None	enhanced_cascade_cv(banglabert->enhanced_banglabert)
97961	Individual	enhanced_cascade_cv(banglabert->enhanced_banglabert)
277788	Individual	enhanced_cascade_cv(banglabert->enhanced_banglabert)
326256	Organization	enhanced_cascade_cv(banglabert->enhanced_banglabert)
595703	None	enhanced_cascade_cv(banglabert->enhanced_banglabert)
854668	Organization	enhanced_cascade_cv(banglabert->enhanced_banglabert)
764227	Individual	enhanced_cascade_cv(banglabert->enhanced_banglabert)
10943	Society	enhanced_cascade_cv(banglabert->enhanced_banglabert)
507582	None	enhanced_cascade_cv(banglabert->enhanced_banglabert)
19400	None	enhanced_cascade_cv(banglabert->enhanced_banglabert)
4722	None	enhanced_cascade_cv(banglabert->enhanced_banglabert)
804500	None	enhanced_cascade_cv(banglabert->enhanced_banglabert)
901349	Organization	enhanced_cascade_cv(banglabert->enhanced_banglabert)
661662	None	enhanced_cascade_cv(banglabert->enhanced_banglabert)
933876	None	enhanced_cascade_cv(banglabert->enhanced_banglabert)
274649	None	enhanced_cascade_cv(banglabert->enhanced_banglabert)
27399	None	enhanced_cascade_cv(banglabert->enhanced_banglabert)
455918	Individual	enhanced_cascade_cv(banglabert->enhanced_banglabert)
322740	Community	enhanced_cascade_cv(banglabert->enhanced_banglabert)
540530	None	enhanced_cascade_cv(banglabert->enhanced_banglabert)
545674	None	enhanced_cascade_cv(banglabert->enhanced_banglabert)
313539	Society	enhanced_cascade_cv(banglabert->enhanced_banglabert)
8487	None	enhanced_cascade_cv(banglabert->enhanced_banglabert)
171927	None	enhanced_cascade_cv(banglabert->enhanced_banglabert)
929324	None	enhanced_cascade_cv(banglabert->enhanced_banglabert)
162003	None	enhanced_cascade_cv(banglabert->enhanced_banglabert)
317480	None	enhanced_cascade_cv(banglabert->enhanced_banglabert)
498560	None	enhanced_cascade_cv(banglabert->enhanced_banglabert)
701936	None	enhanced_cascade_cv(banglabert->enhanced_banglabert)
228943	None	enhanced_cascade_cv(banglabert->enhanced_banglabert)
122928	Community	enhanced_cascade_cv(banglabert->enhanced_banglabert)
710435	Organization	enhanced_cascade_cv(banglabert->enhanced_banglabert)
630632	None	enhanced_cascade_cv(banglabert->enhanced_banglabert)
631884	None	enhanced_cascade_cv(banglabert->enhanced_banglabert)
51337	None	enhanced_cascade_cv(banglabert->enhanced_banglabert)
835036	None	enhanced_cascade_cv(banglabert->enhanced_banglabert)
66570	Community	enhanced_cascade_cv(banglabert->enhanced_banglabert)
923274	Individual	enhanced_cascade_cv(banglabert->enhanced_banglabert)
599005	None	enhanced_cascade_cv(banglabert->enhanced_banglabert)
478501	None	enhanced_cascade_cv(banglabert->enhanced_banglabert)
11936	Organization	enhanced_cascade_cv(banglabert->enhanced_banglabert)
559912	None	enhanced_cascade_cv(banglabert->enhanced_banglabert)
337098	None	enhanced_cascade_cv(banglabert->enhanced_banglabert)
632474	None	enhanced_cascade_cv(banglabert->enhanced_banglabert)
20239	None	enhanced_cascade_cv(banglabert->enhanced_banglabert)
319146	Community	enhanced_cascade_cv(banglabert->enhanced_banglabert)
174566	Community	enhanced_cascade_cv(banglabert->enhanced_banglabert)
87984	Organization	enhanced_cascade_cv(banglabert->enhanced_banglabert)
53650	Individual	enhanced_cascade_cv(banglabert->enhanced_banglabert)
367190	None	enhanced_cascade_cv(banglabert->enhanced_banglabert)
567906	Community	enhanced_cascade_cv(banglabert->enhanced_banglabert)
419979	None	enhanced_cascade_cv(banglabert->enhanced_banglabert)
73704	None	enhanced_cascade_cv(banglabert->enhanced_banglabert)
229624	None	enhanced_cascade_cv(banglabert->enhanced_banglabert)
218878	None	enhanced_cascade_cv(banglabert->enhanced_banglabert)
1015	None	enhanced_cascade_cv(banglabert->enhanced_banglabert)
65167	None	enhanced_cascade_cv(banglabert->enhanced_banglabert)
465570	Organization	enhanced_cascade_cv(banglabert->enhanced_banglabert)
6465	Community	enhanced_cascade_cv(banglabert->enhanced_banglabert)
622913	None	enhanced_cascade_cv(banglabert->enhanced_banglabert)
600217	None	enhanced_cascade_cv(banglabert->enhanced_banglabert)
410574	None	enhanced_cascade_cv(banglabert->enhanced_banglabert)
865811	None	enhanced_cascade_cv(banglabert->enhanced_banglabert)
622944	None	enhanced_cascade_cv(banglabert->enhanced_banglabert)
891086	None	enhanced_cascade_cv(banglabert->enhanced_banglabert)
904147	None	enhanced_cascade_cv(banglabert->enhanced_banglabert)
35085	None	enhanced_cascade_cv(banglabert->enhanced_banglabert)
148433	None	enhanced_cascade_cv(banglabert->enhanced_banglabert)
102215	Community	enhanced_cascade_cv(banglabert->enhanced_banglabert)
719481	None	enhanced_cascade_cv(banglabert->enhanced_banglabert)
843745	None	enhanced_cascade_cv(banglabert->enhanced_banglabert)
937006	None	enhanced_cascade_cv(banglabert->enhanced_banglabert)
459105	None	enhanced_cascade_cv(banglabert->enhanced_banglabert)
220877	None	enhanced_cascade_cv(banglabert->enhanced_banglabert)
935770	None	enhanced_cascade_cv(banglabert->enhanced_banglabert)
74514	Individual	enhanced_cascade_cv(banglabert->enhanced_banglabert)
7029	Community	enhanced_cascade_cv(banglabert->enhanced_banglabert)
487711	None	enhanced_cascade_cv(banglabert->enhanced_banglabert)
200706	None	enhanced_cascade_cv(banglabert->enhanced_banglabert)
355615	None	enhanced_cascade_cv(banglabert->enhanced_banglabert)
122490	None	enhanced_cascade_cv(banglabert->enhanced_banglabert)
421149	Community	enhanced_cascade_cv(banglabert->enhanced_banglabert)
839488	None	enhanced_cascade_cv(banglabert->enhanced_banglabert)
635770	None	enhanced_cascade_cv(banglabert->enhanced_banglabert)
619035	None	enhanced_cascade_cv(banglabert->enhanced_banglabert)
380595	None	enhanced_cascade_cv(banglabert->enhanced_banglabert)
789897	None	enhanced_cascade_cv(banglabert->enhanced_banglabert)
103584	None	enhanced_cascade_cv(banglabert->enhanced_banglabert)
205731	Individual	enhanced_cascade_cv(banglabert->enhanced_banglabert)
556690	Organization	enhanced_cascade_cv(banglabert->enhanced_banglabert)
20163	Community	enhanced_cascade_cv(banglabert->enhanced_banglabert)
887803	Organization	enhanced_cascade_cv(banglabert->enhanced_banglabert)
521652	None	enhanced_cascade_cv(banglabert->enhanced_banglabert)
609416	None	enhanced_cascade_cv(banglabert->enhanced_banglabert)
484815	None	enhanced_cascade_cv(banglabert->enhanced_banglabert)
320638	None	enhanced_cascade_cv(banglabert->enhanced_banglabert)
530089	None	enhanced_cascade_cv(banglabert->enhanced_banglabert)
800714	None	enhanced_cascade_cv(banglabert->enhanced_banglabert)
810049	None	enhanced_cascade_cv(banglabert->enhanced_banglabert)
164481	None	enhanced_cascade_cv(banglabert->enhanced_banglabert)
162373	Organization	enhanced_cascade_cv(banglabert->enhanced_banglabert)
653976	Organization	enhanced_cascade_cv(banglabert->enhanced_banglabert)
533478	Individual	enhanced_cascade_cv(banglabert->enhanced_banglabert)
311161	None	enhanced_cascade_cv(banglabert->enhanced_banglabert)
105260	Individual	enhanced_cascade_cv(banglabert->enhanced_banglabert)
92324	None	enhanced_cascade_cv(banglabert->enhanced_banglabert)
65012	Individual	enhanced_cascade_cv(banglabert->enhanced_banglabert)
380009	Society	enhanced_cascade_cv(banglabert->enhanced_banglabert)
112591	None	enhanced_cascade_cv(banglabert->enhanced_banglabert)
787484	None	enhanced_cascade_cv(banglabert->enhanced_banglabert)
361415	None	enhanced_cascade_cv(banglabert->enhanced_banglabert)
936093	None	enhanced_cascade_cv(banglabert->enhanced_banglabert)
719329	None	enhanced_cascade_cv(banglabert->enhanced_banglabert)
231333	Community	enhanced_cascade_cv(banglabert->enhanced_banglabert)
142320	None	enhanced_cascade_cv(banglabert->enhanced_banglabert)
858204	None	enhanced_cascade_cv(banglabert->enhanced_banglabert)
263067	None	enhanced_cascade_cv(banglabert->enhanced_banglabert)
63819	None	enhanced_cascade_cv(banglabert->enhanced_banglabert)
775378	None	enhanced_cascade_cv(banglabert->enhanced_banglabert)
409939	Individual	enhanced_cascade_cv(banglabert->enhanced_banglabert)
716485	None	enhanced_cascade_cv(banglabert->enhanced_banglabert)
761526	Society	enhanced_cascade_cv(banglabert->enhanced_banglabert)
886472	Individual	enhanced_cascade_cv(banglabert->enhanced_banglabert)
152645	None	enhanced_cascade_cv(banglabert->enhanced_banglabert)
221364	Individual	enhanced_cascade_cv(banglabert->enhanced_banglabert)
556506	None	enhanced_cascade_cv(banglabert->enhanced_banglabert)
236533	None	enhanced_cascade_cv(banglabert->enhanced_banglabert)
4379	Organization	enhanced_cascade_cv(banglabert->enhanced_banglabert)
307516	None	enhanced_cascade_cv(banglabert->enhanced_banglabert)
787815	None	enhanced_cascade_cv(banglabert->enhanced_banglabert)
31923	None	enhanced_cascade_cv(banglabert->enhanced_banglabert)
512921	None	enhanced_cascade_cv(banglabert->enhanced_banglabert)
650522	Individual	enhanced_cascade_cv(banglabert->enhanced_banglabert)
416627	None	enhanced_cascade_cv(banglabert->enhanced_banglabert)
272517	None	enhanced_cascade_cv(banglabert->enhanced_banglabert)
289810	None	enhanced_cascade_cv(banglabert->enhanced_banglabert)
421983	Organization	enhanced_cascade_cv(banglabert->enhanced_banglabert)
514310	Individual	enhanced_cascade_cv(banglabert->enhanced_banglabert)
379021	None	enhanced_cascade_cv(banglabert->enhanced_banglabert)
502889	Community	enhanced_cascade_cv(banglabert->enhanced_banglabert)
568411	None	enhanced_cascade_cv(banglabert->enhanced_banglabert)
99250	Organization	enhanced_cascade_cv(banglabert->enhanced_banglabert)
914889	None	enhanced_cascade_cv(banglabert->enhanced_banglabert)
340597	Organization	enhanced_cascade_cv(banglabert->enhanced_banglabert)
83400	None	enhanced_cascade_cv(banglabert->enhanced_banglabert)
703754	None	enhanced_cascade_cv(banglabert->enhanced_banglabert)
61782	None	enhanced_cascade_cv(banglabert->enhanced_banglabert)
365423	Community	enhanced_cascade_cv(banglabert->enhanced_banglabert)
728829	None	enhanced_cascade_cv(banglabert->enhanced_banglabert)
191066	None	enhanced_cascade_cv(banglabert->enhanced_banglabert)
103470	None	enhanced_cascade_cv(banglabert->enhanced_banglabert)
290333	None	enhanced_cascade_cv(banglabert->enhanced_banglabert)
558332	Individual	enhanced_cascade_cv(banglabert->enhanced_banglabert)
482595	None	enhanced_cascade_cv(banglabert->enhanced_banglabert)
735663	None	enhanced_cascade_cv(banglabert->enhanced_banglabert)
118805	Individual	enhanced_cascade_cv(banglabert->enhanced_banglabert)
811159	None	enhanced_cascade_cv(banglabert->enhanced_banglabert)
761370	Individual	enhanced_cascade_cv(banglabert->enhanced_banglabert)
587816	Individual	enhanced_cascade_cv(banglabert->enhanced_banglabert)
484019	Organization	enhanced_cascade_cv(banglabert->enhanced_banglabert)
461001	None	enhanced_cascade_cv(banglabert->enhanced_banglabert)
170739	Community	enhanced_cascade_cv(banglabert->enhanced_banglabert)
209203	Organization	enhanced_cascade_cv(banglabert->enhanced_banglabert)
346806	Community	enhanced_cascade_cv(banglabert->enhanced_banglabert)
117959	Organization	enhanced_cascade_cv(banglabert->enhanced_banglabert)
536538	None	enhanced_cascade_cv(banglabert->enhanced_banglabert)
278051	Organization	enhanced_cascade_cv(banglabert->enhanced_banglabert)
410660	Individual	enhanced_cascade_cv(banglabert->enhanced_banglabert)
21797	None	enhanced_cascade_cv(banglabert->enhanced_banglabert)
611401	None	enhanced_cascade_cv(banglabert->enhanced_banglabert)
117360	Individual	enhanced_cascade_cv(banglabert->enhanced_banglabert)
800626	None	enhanced_cascade_cv(banglabert->enhanced_banglabert)
467625	Community	enhanced_cascade_cv(banglabert->enhanced_banglabert)
406265	None	enhanced_cascade_cv(banglabert->enhanced_banglabert)
317916	Organization	enhanced_cascade_cv(banglabert->enhanced_banglabert)
664064	None	enhanced_cascade_cv(banglabert->enhanced_banglabert)
114385	Organization	enhanced_cascade_cv(banglabert->enhanced_banglabert)
684851	None	enhanced_cascade_cv(banglabert->enhanced_banglabert)
462934	None	enhanced_cascade_cv(banglabert->enhanced_banglabert)
84786	None	enhanced_cascade_cv(banglabert->enhanced_banglabert)
774529	None	enhanced_cascade_cv(banglabert->enhanced_banglabert)
650310	None	enhanced_cascade_cv(banglabert->enhanced_banglabert)
597368	Individual	enhanced_cascade_cv(banglabert->enhanced_banglabert)
316158	None	enhanced_cascade_cv(banglabert->enhanced_banglabert)
802473	Individual	enhanced_cascade_cv(banglabert->enhanced_banglabert)
201286	None	enhanced_cascade_cv(banglabert->enhanced_banglabert)
352254	None	enhanced_cascade_cv(banglabert->enhanced_banglabert)
657837	None	enhanced_cascade_cv(banglabert->enhanced_banglabert)
882420	None	enhanced_cascade_cv(banglabert->enhanced_banglabert)
388956	Individual	enhanced_cascade_cv(banglabert->enhanced_banglabert)
429179	None	enhanced_cascade_cv(banglabert->enhanced_banglabert)
593920	Organization	enhanced_cascade_cv(banglabert->enhanced_banglabert)
851216	None	enhanced_cascade_cv(banglabert->enhanced_banglabert)
626877	Organization	enhanced_cascade_cv(banglabert->enhanced_banglabert)
724661	Society	enhanced_cascade_cv(banglabert->enhanced_banglabert)
587009	None	enhanced_cascade_cv(banglabert->enhanced_banglabert)
902677	None	enhanced_cascade_cv(banglabert->enhanced_banglabert)
62267	None	enhanced_cascade_cv(banglabert->enhanced_banglabert)
397574	None	enhanced_cascade_cv(banglabert->enhanced_banglabert)
528572	None	enhanced_cascade_cv(banglabert->enhanced_banglabert)
519976	None	enhanced_cascade_cv(banglabert->enhanced_banglabert)
8834	None	enhanced_cascade_cv(banglabert->enhanced_banglabert)
664684	None	enhanced_cascade_cv(banglabert->enhanced_banglabert)
556944	None	enhanced_cascade_cv(banglabert->enhanced_banglabert)
605199	None	enhanced_cascade_cv(banglabert->enhanced_banglabert)
681973	None	enhanced_cascade_cv(banglabert->enhanced_banglabert)
751924	None	enhanced_cascade_cv(banglabert->enhanced_banglabert)
859340	None	enhanced_cascade_cv(banglabert->enhanced_banglabert)
938930	None	enhanced_cascade_cv(banglabert->enhanced_banglabert)
270188	None	enhanced_cascade_cv(banglabert->enhanced_banglabert)
642376	Individual	enhanced_cascade_cv(banglabert->enhanced_banglabert)
218828	None	enhanced_cascade_cv(banglabert->enhanced_banglabert)
385211	Individual	enhanced_cascade_cv(banglabert->enhanced_banglabert)
371933	None	enhanced_cascade_cv(banglabert->enhanced_banglabert)
492912	None	enhanced_cascade_cv(banglabert->enhanced_banglabert)
741682	Individual	enhanced_cascade_cv(banglabert->enhanced_banglabert)
73903	None	enhanced_cascade_cv(banglabert->enhanced_banglabert)
320611	None	enhanced_cascade_cv(banglabert->enhanced_banglabert)
288098	None	enhanced_cascade_cv(banglabert->enhanced_banglabert)
582958	None	enhanced_cascade_cv(banglabert->enhanced_banglabert)
595433	Organization	enhanced_cascade_cv(banglabert->enhanced_banglabert)
520279	None	enhanced_cascade_cv(banglabert->enhanced_banglabert)
347161	Individual	enhanced_cascade_cv(banglabert->enhanced_banglabert)
648433	None	enhanced_cascade_cv(banglabert->enhanced_banglabert)
365914	None	enhanced_cascade_cv(banglabert->enhanced_banglabert)
373969	Organization	enhanced_cascade_cv(banglabert->enhanced_banglabert)
474989	None	enhanced_cascade_cv(banglabert->enhanced_banglabert)
622573	None	enhanced_cascade_cv(banglabert->enhanced_banglabert)
120673	None	enhanced_cascade_cv(banglabert->enhanced_banglabert)
687064	None	enhanced_cascade_cv(banglabert->enhanced_banglabert)
235531	Individual	enhanced_cascade_cv(banglabert->enhanced_banglabert)
776252	Individual	enhanced_cascade_cv(banglabert->enhanced_banglabert)
638119	None	enhanced_cascade_cv(banglabert->enhanced_banglabert)
409931	None	enhanced_cascade_cv(banglabert->enhanced_banglabert)
434699	Community	enhanced_cascade_cv(banglabert->enhanced_banglabert)
420374	None	enhanced_cascade_cv(banglabert->enhanced_banglabert)
125886	None	enhanced_cascade_cv(banglabert->enhanced_banglabert)
120592	Individual	enhanced_cascade_cv(banglabert->enhanced_banglabert)
865202	None	enhanced_cascade_cv(banglabert->enhanced_banglabert)
669260	Organization	enhanced_cascade_cv(banglabert->enhanced_banglabert)
407167	None	enhanced_cascade_cv(banglabert->enhanced_banglabert)
335782	Individual	enhanced_cascade_cv(banglabert->enhanced_banglabert)
57246	None	enhanced_cascade_cv(banglabert->enhanced_banglabert)
191624	Individual	enhanced_cascade_cv(banglabert->enhanced_banglabert)
273545	None	enhanced_cascade_cv(banglabert->enhanced_banglabert)
769399	Society	enhanced_cascade_cv(banglabert->enhanced_banglabert)
239609	Organization	enhanced_cascade_cv(banglabert->enhanced_banglabert)
518604	Society	enhanced_cascade_cv(banglabert->enhanced_banglabert)
550866	Individual	enhanced_cascade_cv(banglabert->enhanced_banglabert)
127578	None	enhanced_cascade_cv(banglabert->enhanced_banglabert)
611591	Individual	enhanced_cascade_cv(banglabert->enhanced_banglabert)
6142	None	enhanced_cascade_cv(banglabert->enhanced_banglabert)
399198	None	enhanced_cascade_cv(banglabert->enhanced_banglabert)
184693	Individual	enhanced_cascade_cv(banglabert->enhanced_banglabert)
844444	None	enhanced_cascade_cv(banglabert->enhanced_banglabert)
306845	None	enhanced_cascade_cv(banglabert->enhanced_banglabert)
837885	None	enhanced_cascade_cv(banglabert->enhanced_banglabert)
817071	None	enhanced_cascade_cv(banglabert->enhanced_banglabert)
427446	None	enhanced_cascade_cv(banglabert->enhanced_banglabert)
79478	None	enhanced_cascade_cv(banglabert->enhanced_banglabert)
751213	None	enhanced_cascade_cv(banglabert->enhanced_banglabert)
561917	Organization	enhanced_cascade_cv(banglabert->enhanced_banglabert)
699314	None	enhanced_cascade_cv(banglabert->enhanced_banglabert)
42580	Organization	enhanced_cascade_cv(banglabert->enhanced_banglabert)
776713	None	enhanced_cascade_cv(banglabert->enhanced_banglabert)
349154	None	enhanced_cascade_cv(banglabert->enhanced_banglabert)
154175	None	enhanced_cascade_cv(banglabert->enhanced_banglabert)
894632	None	enhanced_cascade_cv(banglabert->enhanced_banglabert)
477035	Community	enhanced_cascade_cv(banglabert->enhanced_banglabert)
286643	None	enhanced_cascade_cv(banglabert->enhanced_banglabert)
862473	None	enhanced_cascade_cv(banglabert->enhanced_banglabert)
756224	Society	enhanced_cascade_cv(banglabert->enhanced_banglabert)
589822	Organization	enhanced_cascade_cv(banglabert->enhanced_banglabert)
446546	None	enhanced_cascade_cv(banglabert->enhanced_banglabert)
525314	None	enhanced_cascade_cv(banglabert->enhanced_banglabert)
161409	None	enhanced_cascade_cv(banglabert->enhanced_banglabert)
447239	Individual	enhanced_cascade_cv(banglabert->enhanced_banglabert)
794100	None	enhanced_cascade_cv(banglabert->enhanced_banglabert)
485424	None	enhanced_cascade_cv(banglabert->enhanced_banglabert)
674853	Individual	enhanced_cascade_cv(banglabert->enhanced_banglabert)
382684	None	enhanced_cascade_cv(banglabert->enhanced_banglabert)
310093	Organization	enhanced_cascade_cv(banglabert->enhanced_banglabert)
601938	Community	enhanced_cascade_cv(banglabert->enhanced_banglabert)
269231	None	enhanced_cascade_cv(banglabert->enhanced_banglabert)
687123	Organization	enhanced_cascade_cv(banglabert->enhanced_banglabert)
874402	None	enhanced_cascade_cv(banglabert->enhanced_banglabert)
345001	None	enhanced_cascade_cv(banglabert->enhanced_banglabert)
627939	Individual	enhanced_cascade_cv(banglabert->enhanced_banglabert)
656767	None	enhanced_cascade_cv(banglabert->enhanced_banglabert)
223547	None	enhanced_cascade_cv(banglabert->enhanced_banglabert)
499828	Community	enhanced_cascade_cv(banglabert->enhanced_banglabert)
172925	None	enhanced_cascade_cv(banglabert->enhanced_banglabert)
529923	None	enhanced_cascade_cv(banglabert->enhanced_banglabert)
759000	None	enhanced_cascade_cv(banglabert->enhanced_banglabert)
349928	Society	enhanced_cascade_cv(banglabert->enhanced_banglabert)
774737	Individual	enhanced_cascade_cv(banglabert->enhanced_banglabert)
662749	Community	enhanced_cascade_cv(banglabert->enhanced_banglabert)
409085	None	enhanced_cascade_cv(banglabert->enhanced_banglabert)
551431	None	enhanced_cascade_cv(banglabert->enhanced_banglabert)
393185	None	enhanced_cascade_cv(banglabert->enhanced_banglabert)
873038	None	enhanced_cascade_cv(banglabert->enhanced_banglabert)
382407	Individual	enhanced_cascade_cv(banglabert->enhanced_banglabert)
837959	None	enhanced_cascade_cv(banglabert->enhanced_banglabert)
162876	None	enhanced_cascade_cv(banglabert->enhanced_banglabert)
437820	None	enhanced_cascade_cv(banglabert->enhanced_banglabert)
199289	Individual	enhanced_cascade_cv(banglabert->enhanced_banglabert)
104200	None	enhanced_cascade_cv(banglabert->enhanced_banglabert)
324714	None	enhanced_cascade_cv(banglabert->enhanced_banglabert)
589474	None	enhanced_cascade_cv(banglabert->enhanced_banglabert)
310775	Individual	enhanced_cascade_cv(banglabert->enhanced_banglabert)
851244	None	enhanced_cascade_cv(banglabert->enhanced_banglabert)
540072	None	enhanced_cascade_cv(banglabert->enhanced_banglabert)
631252	Society	enhanced_cascade_cv(banglabert->enhanced_banglabert)
69003	None	enhanced_cascade_cv(banglabert->enhanced_banglabert)
175661	Individual	enhanced_cascade_cv(banglabert->enhanced_banglabert)
518510	None	enhanced_cascade_cv(banglabert->enhanced_banglabert)
313487	Community	enhanced_cascade_cv(banglabert->enhanced_banglabert)
636332	None	enhanced_cascade_cv(banglabert->enhanced_banglabert)
41764	Organization	enhanced_cascade_cv(banglabert->enhanced_banglabert)
768333	Individual	enhanced_cascade_cv(banglabert->enhanced_banglabert)
591251	None	enhanced_cascade_cv(banglabert->enhanced_banglabert)
331498	Organization	enhanced_cascade_cv(banglabert->enhanced_banglabert)
99940	Organization	enhanced_cascade_cv(banglabert->enhanced_banglabert)
586446	Organization	enhanced_cascade_cv(banglabert->enhanced_banglabert)
652301	Organization	enhanced_cascade_cv(banglabert->enhanced_banglabert)
918218	Community	enhanced_cascade_cv(banglabert->enhanced_banglabert)
875635	None	enhanced_cascade_cv(banglabert->enhanced_banglabert)
671399	Society	enhanced_cascade_cv(banglabert->enhanced_banglabert)
520637	None	enhanced_cascade_cv(banglabert->enhanced_banglabert)
796352	None	enhanced_cascade_cv(banglabert->enhanced_banglabert)
313780	Society	enhanced_cascade_cv(banglabert->enhanced_banglabert)
361933	None	enhanced_cascade_cv(banglabert->enhanced_banglabert)
207914	None	enhanced_cascade_cv(banglabert->enhanced_banglabert)
780851	None	enhanced_cascade_cv(banglabert->enhanced_banglabert)
868255	Community	enhanced_cascade_cv(banglabert->enhanced_banglabert)
561636	None	enhanced_cascade_cv(banglabert->enhanced_banglabert)
233270	Organization	enhanced_cascade_cv(banglabert->enhanced_banglabert)
693489	None	enhanced_cascade_cv(banglabert->enhanced_banglabert)
50122	None	enhanced_cascade_cv(banglabert->enhanced_banglabert)
835013	None	enhanced_cascade_cv(banglabert->enhanced_banglabert)
639467	None	enhanced_cascade_cv(banglabert->enhanced_banglabert)
295779	None	enhanced_cascade_cv(banglabert->enhanced_banglabert)
361662	Community	enhanced_cascade_cv(banglabert->enhanced_banglabert)
934426	None	enhanced_cascade_cv(banglabert->enhanced_banglabert)
774660	None	enhanced_cascade_cv(banglabert->enhanced_banglabert)
830005	None	enhanced_cascade_cv(banglabert->enhanced_banglabert)
84950	Individual	enhanced_cascade_cv(banglabert->enhanced_banglabert)
903884	Individual	enhanced_cascade_cv(banglabert->enhanced_banglabert)
462187	None	enhanced_cascade_cv(banglabert->enhanced_banglabert)
652194	None	enhanced_cascade_cv(banglabert->enhanced_banglabert)
76367	None	enhanced_cascade_cv(banglabert->enhanced_banglabert)
609560	None	enhanced_cascade_cv(banglabert->enhanced_banglabert)
500864	None	enhanced_cascade_cv(banglabert->enhanced_banglabert)
881442	None	enhanced_cascade_cv(banglabert->enhanced_banglabert)
58756	None	enhanced_cascade_cv(banglabert->enhanced_banglabert)
92445	None	enhanced_cascade_cv(banglabert->enhanced_banglabert)
198149	Organization	enhanced_cascade_cv(banglabert->enhanced_banglabert)
353487	None	enhanced_cascade_cv(banglabert->enhanced_banglabert)
921329	Individual	enhanced_cascade_cv(banglabert->enhanced_banglabert)
902217	None	enhanced_cascade_cv(banglabert->enhanced_banglabert)
119778	None	enhanced_cascade_cv(banglabert->enhanced_banglabert)
797786	Society	enhanced_cascade_cv(banglabert->enhanced_banglabert)
865229	Organization	enhanced_cascade_cv(banglabert->enhanced_banglabert)
113338	None	enhanced_cascade_cv(banglabert->enhanced_banglabert)
569583	Organization	enhanced_cascade_cv(banglabert->enhanced_banglabert)
658408	Individual	enhanced_cascade_cv(banglabert->enhanced_banglabert)
504385	None	enhanced_cascade_cv(banglabert->enhanced_banglabert)
231557	Organization	enhanced_cascade_cv(banglabert->enhanced_banglabert)
681122	None	enhanced_cascade_cv(banglabert->enhanced_banglabert)
798894	Society	enhanced_cascade_cv(banglabert->enhanced_banglabert)
285912	None	enhanced_cascade_cv(banglabert->enhanced_banglabert)
269423	None	enhanced_cascade_cv(banglabert->enhanced_banglabert)
213800	Organization	enhanced_cascade_cv(banglabert->enhanced_banglabert)
853451	Individual	enhanced_cascade_cv(banglabert->enhanced_banglabert)
715880	None	enhanced_cascade_cv(banglabert->enhanced_banglabert)
169064	Organization	enhanced_cascade_cv(banglabert->enhanced_banglabert)
235872	Organization	enhanced_cascade_cv(banglabert->enhanced_banglabert)
273445	Individual	enhanced_cascade_cv(banglabert->enhanced_banglabert)
13529	Community	enhanced_cascade_cv(banglabert->enhanced_banglabert)
930140	None	enhanced_cascade_cv(banglabert->enhanced_banglabert)
86014	Organization	enhanced_cascade_cv(banglabert->enhanced_banglabert)
579553	Individual	enhanced_cascade_cv(banglabert->enhanced_banglabert)
734740	None	enhanced_cascade_cv(banglabert->enhanced_banglabert)
845866	None	enhanced_cascade_cv(banglabert->enhanced_banglabert)
280774	None	enhanced_cascade_cv(banglabert->enhanced_banglabert)
161922	None	enhanced_cascade_cv(banglabert->enhanced_banglabert)
206416	Organization	enhanced_cascade_cv(banglabert->enhanced_banglabert)
41431	Individual	enhanced_cascade_cv(banglabert->enhanced_banglabert)
652496	None	enhanced_cascade_cv(banglabert->enhanced_banglabert)
300287	None	enhanced_cascade_cv(banglabert->enhanced_banglabert)
421960	Organization	enhanced_cascade_cv(banglabert->enhanced_banglabert)
422162	Individual	enhanced_cascade_cv(banglabert->enhanced_banglabert)
932160	None	enhanced_cascade_cv(banglabert->enhanced_banglabert)
145932	None	enhanced_cascade_cv(banglabert->enhanced_banglabert)
555370	None	enhanced_cascade_cv(banglabert->enhanced_banglabert)
171891	Individual	enhanced_cascade_cv(banglabert->enhanced_banglabert)
847344	None	enhanced_cascade_cv(banglabert->enhanced_banglabert)
515963	None	enhanced_cascade_cv(banglabert->enhanced_banglabert)
575143	None	enhanced_cascade_cv(banglabert->enhanced_banglabert)
180879	None	enhanced_cascade_cv(banglabert->enhanced_banglabert)
528980	Individual	enhanced_cascade_cv(banglabert->enhanced_banglabert)
911949	None	enhanced_cascade_cv(banglabert->enhanced_banglabert)
418118	None	enhanced_cascade_cv(banglabert->enhanced_banglabert)
209029	Organization	enhanced_cascade_cv(banglabert->enhanced_banglabert)
269696	Community	enhanced_cascade_cv(banglabert->enhanced_banglabert)
148337	None	enhanced_cascade_cv(banglabert->enhanced_banglabert)
157424	None	enhanced_cascade_cv(banglabert->enhanced_banglabert)
25772	Community	enhanced_cascade_cv(banglabert->enhanced_banglabert)
393291	None	enhanced_cascade_cv(banglabert->enhanced_banglabert)
159011	None	enhanced_cascade_cv(banglabert->enhanced_banglabert)
599575	None	enhanced_cascade_cv(banglabert->enhanced_banglabert)
297291	None	enhanced_cascade_cv(banglabert->enhanced_banglabert)
717483	None	enhanced_cascade_cv(banglabert->enhanced_banglabert)
686694	None	enhanced_cascade_cv(banglabert->enhanced_banglabert)
419822	Individual	enhanced_cascade_cv(banglabert->enhanced_banglabert)
7223	None	enhanced_cascade_cv(banglabert->enhanced_banglabert)
175680	None	enhanced_cascade_cv(banglabert->enhanced_banglabert)
419538	None	enhanced_cascade_cv(banglabert->enhanced_banglabert)
275529	Individual	enhanced_cascade_cv(banglabert->enhanced_banglabert)
10770	Individual	enhanced_cascade_cv(banglabert->enhanced_banglabert)
97893	None	enhanced_cascade_cv(banglabert->enhanced_banglabert)
645986	None	enhanced_cascade_cv(banglabert->enhanced_banglabert)
607091	Individual	enhanced_cascade_cv(banglabert->enhanced_banglabert)
687225	Individual	enhanced_cascade_cv(banglabert->enhanced_banglabert)
609737	Individual	enhanced_cascade_cv(banglabert->enhanced_banglabert)
937739	None	enhanced_cascade_cv(banglabert->enhanced_banglabert)
653394	Community	enhanced_cascade_cv(banglabert->enhanced_banglabert)
620501	Community	enhanced_cascade_cv(banglabert->enhanced_banglabert)
784384	None	enhanced_cascade_cv(banglabert->enhanced_banglabert)
454503	Community	enhanced_cascade_cv(banglabert->enhanced_banglabert)
214683	None	enhanced_cascade_cv(banglabert->enhanced_banglabert)
876357	None	enhanced_cascade_cv(banglabert->enhanced_banglabert)
142666	None	enhanced_cascade_cv(banglabert->enhanced_banglabert)
55979	Individual	enhanced_cascade_cv(banglabert->enhanced_banglabert)
242275	None	enhanced_cascade_cv(banglabert->enhanced_banglabert)
483653	None	enhanced_cascade_cv(banglabert->enhanced_banglabert)
159835	None	enhanced_cascade_cv(banglabert->enhanced_banglabert)
245503	None	enhanced_cascade_cv(banglabert->enhanced_banglabert)
287313	None	enhanced_cascade_cv(banglabert->enhanced_banglabert)
687305	None	enhanced_cascade_cv(banglabert->enhanced_banglabert)
841774	Individual	enhanced_cascade_cv(banglabert->enhanced_banglabert)
33949	None	enhanced_cascade_cv(banglabert->enhanced_banglabert)
808747	Individual	enhanced_cascade_cv(banglabert->enhanced_banglabert)
202051	Individual	enhanced_cascade_cv(banglabert->enhanced_banglabert)
156086	None	enhanced_cascade_cv(banglabert->enhanced_banglabert)
771833	None	enhanced_cascade_cv(banglabert->enhanced_banglabert)
786151	None	enhanced_cascade_cv(banglabert->enhanced_banglabert)
115360	Organization	enhanced_cascade_cv(banglabert->enhanced_banglabert)
449551	None	enhanced_cascade_cv(banglabert->enhanced_banglabert)
538374	None	enhanced_cascade_cv(banglabert->enhanced_banglabert)
824384	None	enhanced_cascade_cv(banglabert->enhanced_banglabert)
610506	Individual	enhanced_cascade_cv(banglabert->enhanced_banglabert)
713479	None	enhanced_cascade_cv(banglabert->enhanced_banglabert)
742293	None	enhanced_cascade_cv(banglabert->enhanced_banglabert)
364444	Community	enhanced_cascade_cv(banglabert->enhanced_banglabert)
922153	None	enhanced_cascade_cv(banglabert->enhanced_banglabert)
361264	Community	enhanced_cascade_cv(banglabert->enhanced_banglabert)
824556	None	enhanced_cascade_cv(banglabert->enhanced_banglabert)
817775	None	enhanced_cascade_cv(banglabert->enhanced_banglabert)
524777	None	enhanced_cascade_cv(banglabert->enhanced_banglabert)
888465	None	enhanced_cascade_cv(banglabert->enhanced_banglabert)
243971	Individual	enhanced_cascade_cv(banglabert->enhanced_banglabert)
558498	Individual	enhanced_cascade_cv(banglabert->enhanced_banglabert)
416375	Organization	enhanced_cascade_cv(banglabert->enhanced_banglabert)
597034	None	enhanced_cascade_cv(banglabert->enhanced_banglabert)
559103	None	enhanced_cascade_cv(banglabert->enhanced_banglabert)
264296	None	enhanced_cascade_cv(banglabert->enhanced_banglabert)
93435	Individual	enhanced_cascade_cv(banglabert->enhanced_banglabert)
55635	Individual	enhanced_cascade_cv(banglabert->enhanced_banglabert)
935558	None	enhanced_cascade_cv(banglabert->enhanced_banglabert)
689783	None	enhanced_cascade_cv(banglabert->enhanced_banglabert)
883480	None	enhanced_cascade_cv(banglabert->enhanced_banglabert)
803203	Organization	enhanced_cascade_cv(banglabert->enhanced_banglabert)
434222	None	enhanced_cascade_cv(banglabert->enhanced_banglabert)
272549	Individual	enhanced_cascade_cv(banglabert->enhanced_banglabert)
225927	None	enhanced_cascade_cv(banglabert->enhanced_banglabert)
830724	None	enhanced_cascade_cv(banglabert->enhanced_banglabert)
679894	Individual	enhanced_cascade_cv(banglabert->enhanced_banglabert)
658690	None	enhanced_cascade_cv(banglabert->enhanced_banglabert)
243868	Organization	enhanced_cascade_cv(banglabert->enhanced_banglabert)
909216	None	enhanced_cascade_cv(banglabert->enhanced_banglabert)
450962	None	enhanced_cascade_cv(banglabert->enhanced_banglabert)
620537	Organization	enhanced_cascade_cv(banglabert->enhanced_banglabert)
902050	None	enhanced_cascade_cv(banglabert->enhanced_banglabert)
430645	None	enhanced_cascade_cv(banglabert->enhanced_banglabert)
796944	None	enhanced_cascade_cv(banglabert->enhanced_banglabert)
574034	Individual	enhanced_cascade_cv(banglabert->enhanced_banglabert)
893365	None	enhanced_cascade_cv(banglabert->enhanced_banglabert)
37117	Organization	enhanced_cascade_cv(banglabert->enhanced_banglabert)
645551	None	enhanced_cascade_cv(banglabert->enhanced_banglabert)
235229	None	enhanced_cascade_cv(banglabert->enhanced_banglabert)
909400	None	enhanced_cascade_cv(banglabert->enhanced_banglabert)
572852	None	enhanced_cascade_cv(banglabert->enhanced_banglabert)
3489	None	enhanced_cascade_cv(banglabert->enhanced_banglabert)
382421	None	enhanced_cascade_cv(banglabert->enhanced_banglabert)
430146	Society	enhanced_cascade_cv(banglabert->enhanced_banglabert)
437126	None	enhanced_cascade_cv(banglabert->enhanced_banglabert)
83514	Organization	enhanced_cascade_cv(banglabert->enhanced_banglabert)
82517	Organization	enhanced_cascade_cv(banglabert->enhanced_banglabert)
904167	None	enhanced_cascade_cv(banglabert->enhanced_banglabert)
158044	Organization	enhanced_cascade_cv(banglabert->enhanced_banglabert)
72504	Society	enhanced_cascade_cv(banglabert->enhanced_banglabert)
761729	None	enhanced_cascade_cv(banglabert->enhanced_banglabert)
456022	None	enhanced_cascade_cv(banglabert->enhanced_banglabert)
580475	None	enhanced_cascade_cv(banglabert->enhanced_banglabert)
806039	None	enhanced_cascade_cv(banglabert->enhanced_banglabert)
46813	None	enhanced_cascade_cv(banglabert->enhanced_banglabert)
871931	None	enhanced_cascade_cv(banglabert->enhanced_banglabert)
607214	None	enhanced_cascade_cv(banglabert->enhanced_banglabert)
594824	Society	enhanced_cascade_cv(banglabert->enhanced_banglabert)
40656	Community	enhanced_cascade_cv(banglabert->enhanced_banglabert)
232903	None	enhanced_cascade_cv(banglabert->enhanced_banglabert)
403931	None	enhanced_cascade_cv(banglabert->enhanced_banglabert)
265266	None	enhanced_cascade_cv(banglabert->enhanced_banglabert)
577318	Community	enhanced_cascade_cv(banglabert->enhanced_banglabert)
939224	None	enhanced_cascade_cv(banglabert->enhanced_banglabert)
129845	None	enhanced_cascade_cv(banglabert->enhanced_banglabert)
789215	Community	enhanced_cascade_cv(banglabert->enhanced_banglabert)
675469	None	enhanced_cascade_cv(banglabert->enhanced_banglabert)
410902	None	enhanced_cascade_cv(banglabert->enhanced_banglabert)
231193	None	enhanced_cascade_cv(banglabert->enhanced_banglabert)
769806	None	enhanced_cascade_cv(banglabert->enhanced_banglabert)
802783	Society	enhanced_cascade_cv(banglabert->enhanced_banglabert)
318174	None	enhanced_cascade_cv(banglabert->enhanced_banglabert)
690146	None	enhanced_cascade_cv(banglabert->enhanced_banglabert)
48406	None	enhanced_cascade_cv(banglabert->enhanced_banglabert)
486734	None	enhanced_cascade_cv(banglabert->enhanced_banglabert)
161795	None	enhanced_cascade_cv(banglabert->enhanced_banglabert)
457446	None	enhanced_cascade_cv(banglabert->enhanced_banglabert)
5328	Society	enhanced_cascade_cv(banglabert->enhanced_banglabert)
734336	Organization	enhanced_cascade_cv(banglabert->enhanced_banglabert)
873754	None	enhanced_cascade_cv(banglabert->enhanced_banglabert)
56915	None	enhanced_cascade_cv(banglabert->enhanced_banglabert)
716625	Individual	enhanced_cascade_cv(banglabert->enhanced_banglabert)
709719	None	enhanced_cascade_cv(banglabert->enhanced_banglabert)
647018	None	enhanced_cascade_cv(banglabert->enhanced_banglabert)
529184	Organization	enhanced_cascade_cv(banglabert->enhanced_banglabert)
189120	None	enhanced_cascade_cv(banglabert->enhanced_banglabert)
123496	Organization	enhanced_cascade_cv(banglabert->enhanced_banglabert)
799438	None	enhanced_cascade_cv(banglabert->enhanced_banglabert)
207781	None	enhanced_cascade_cv(banglabert->enhanced_banglabert)
70341	Individual	enhanced_cascade_cv(banglabert->enhanced_banglabert)
745174	None	enhanced_cascade_cv(banglabert->enhanced_banglabert)
817421	Society	enhanced_cascade_cv(banglabert->enhanced_banglabert)
612399	Individual	enhanced_cascade_cv(banglabert->enhanced_banglabert)
748082	None	enhanced_cascade_cv(banglabert->enhanced_banglabert)
747227	None	enhanced_cascade_cv(banglabert->enhanced_banglabert)
932767	Organization	enhanced_cascade_cv(banglabert->enhanced_banglabert)
163418	None	enhanced_cascade_cv(banglabert->enhanced_banglabert)
852585	Individual	enhanced_cascade_cv(banglabert->enhanced_banglabert)
441008	Organization	enhanced_cascade_cv(banglabert->enhanced_banglabert)
868616	None	enhanced_cascade_cv(banglabert->enhanced_banglabert)
526687	None	enhanced_cascade_cv(banglabert->enhanced_banglabert)
361446	None	enhanced_cascade_cv(banglabert->enhanced_banglabert)
58111	None	enhanced_cascade_cv(banglabert->enhanced_banglabert)
66192	Organization	enhanced_cascade_cv(banglabert->enhanced_banglabert)
852550	None	enhanced_cascade_cv(banglabert->enhanced_banglabert)
403163	None	enhanced_cascade_cv(banglabert->enhanced_banglabert)
939695	None	enhanced_cascade_cv(banglabert->enhanced_banglabert)
542835	None	enhanced_cascade_cv(banglabert->enhanced_banglabert)
416001	Society	enhanced_cascade_cv(banglabert->enhanced_banglabert)
297870	None	enhanced_cascade_cv(banglabert->enhanced_banglabert)
230461	None	enhanced_cascade_cv(banglabert->enhanced_banglabert)
348698	Organization	enhanced_cascade_cv(banglabert->enhanced_banglabert)
452109	None	enhanced_cascade_cv(banglabert->enhanced_banglabert)
770272	Society	enhanced_cascade_cv(banglabert->enhanced_banglabert)
92082	Organization	enhanced_cascade_cv(banglabert->enhanced_banglabert)
541382	None	enhanced_cascade_cv(banglabert->enhanced_banglabert)
309484	None	enhanced_cascade_cv(banglabert->enhanced_banglabert)
891683	Individual	enhanced_cascade_cv(banglabert->enhanced_banglabert)
265647	Individual	enhanced_cascade_cv(banglabert->enhanced_banglabert)
205140	Community	enhanced_cascade_cv(banglabert->enhanced_banglabert)
48757	Individual	enhanced_cascade_cv(banglabert->enhanced_banglabert)
745274	None	enhanced_cascade_cv(banglabert->enhanced_banglabert)
139821	Community	enhanced_cascade_cv(banglabert->enhanced_banglabert)
722454	None	enhanced_cascade_cv(banglabert->enhanced_banglabert)
63821	Organization	enhanced_cascade_cv(banglabert->enhanced_banglabert)
769764	None	enhanced_cascade_cv(banglabert->enhanced_banglabert)
146835	None	enhanced_cascade_cv(banglabert->enhanced_banglabert)
916994	None	enhanced_cascade_cv(banglabert->enhanced_banglabert)
597633	None	enhanced_cascade_cv(banglabert->enhanced_banglabert)
821349	None	enhanced_cascade_cv(banglabert->enhanced_banglabert)
860108	None	enhanced_cascade_cv(banglabert->enhanced_banglabert)
427070	None	enhanced_cascade_cv(banglabert->enhanced_banglabert)
15242	None	enhanced_cascade_cv(banglabert->enhanced_banglabert)
527827	None	enhanced_cascade_cv(banglabert->enhanced_banglabert)
252128	Individual	enhanced_cascade_cv(banglabert->enhanced_banglabert)
410086	None	enhanced_cascade_cv(banglabert->enhanced_banglabert)
482957	Individual	enhanced_cascade_cv(banglabert->enhanced_banglabert)
473685	None	enhanced_cascade_cv(banglabert->enhanced_banglabert)
701640	None	enhanced_cascade_cv(banglabert->enhanced_banglabert)
87167	None	enhanced_cascade_cv(banglabert->enhanced_banglabert)
289076	None	enhanced_cascade_cv(banglabert->enhanced_banglabert)
314830	Individual	enhanced_cascade_cv(banglabert->enhanced_banglabert)
871729	None	enhanced_cascade_cv(banglabert->enhanced_banglabert)
122274	None	enhanced_cascade_cv(banglabert->enhanced_banglabert)
782574	None	enhanced_cascade_cv(banglabert->enhanced_banglabert)
756871	None	enhanced_cascade_cv(banglabert->enhanced_banglabert)
564358	None	enhanced_cascade_cv(banglabert->enhanced_banglabert)
493026	None	enhanced_cascade_cv(banglabert->enhanced_banglabert)
581730	None	enhanced_cascade_cv(banglabert->enhanced_banglabert)
455382	Individual	enhanced_cascade_cv(banglabert->enhanced_banglabert)
619585	Community	enhanced_cascade_cv(banglabert->enhanced_banglabert)
794600	Society	enhanced_cascade_cv(banglabert->enhanced_banglabert)
663487	Organization	enhanced_cascade_cv(banglabert->enhanced_banglabert)
307243	None	enhanced_cascade_cv(banglabert->enhanced_banglabert)
822986	None	enhanced_cascade_cv(banglabert->enhanced_banglabert)
751939	None	enhanced_cascade_cv(banglabert->enhanced_banglabert)
96964	None	enhanced_cascade_cv(banglabert->enhanced_banglabert)
715359	None	enhanced_cascade_cv(banglabert->enhanced_banglabert)
863262	Community	enhanced_cascade_cv(banglabert->enhanced_banglabert)
561277	None	enhanced_cascade_cv(banglabert->enhanced_banglabert)
754145	None	enhanced_cascade_cv(banglabert->enhanced_banglabert)
921090	None	enhanced_cascade_cv(banglabert->enhanced_banglabert)
18208	Society	enhanced_cascade_cv(banglabert->enhanced_banglabert)
456655	None	enhanced_cascade_cv(banglabert->enhanced_banglabert)
241332	Individual	enhanced_cascade_cv(banglabert->enhanced_banglabert)
785543	None	enhanced_cascade_cv(banglabert->enhanced_banglabert)
68246	Organization	enhanced_cascade_cv(banglabert->enhanced_banglabert)
489004	Community	enhanced_cascade_cv(banglabert->enhanced_banglabert)
538855	Individual	enhanced_cascade_cv(banglabert->enhanced_banglabert)
124419	Individual	enhanced_cascade_cv(banglabert->enhanced_banglabert)
245748	None	enhanced_cascade_cv(banglabert->enhanced_banglabert)
51744	None	enhanced_cascade_cv(banglabert->enhanced_banglabert)
406517	None	enhanced_cascade_cv(banglabert->enhanced_banglabert)
152835	Community	enhanced_cascade_cv(banglabert->enhanced_banglabert)
552920	None	enhanced_cascade_cv(banglabert->enhanced_banglabert)
310294	Individual	enhanced_cascade_cv(banglabert->enhanced_banglabert)
166700	Organization	enhanced_cascade_cv(banglabert->enhanced_banglabert)
919167	None	enhanced_cascade_cv(banglabert->enhanced_banglabert)
764549	Organization	enhanced_cascade_cv(banglabert->enhanced_banglabert)
833856	None	enhanced_cascade_cv(banglabert->enhanced_banglabert)
812651	None	enhanced_cascade_cv(banglabert->enhanced_banglabert)
729198	Community	enhanced_cascade_cv(banglabert->enhanced_banglabert)
93716	None	enhanced_cascade_cv(banglabert->enhanced_banglabert)
184572	None	enhanced_cascade_cv(banglabert->enhanced_banglabert)
75144	Individual	enhanced_cascade_cv(banglabert->enhanced_banglabert)
690398	None	enhanced_cascade_cv(banglabert->enhanced_banglabert)
68998	Community	enhanced_cascade_cv(banglabert->enhanced_banglabert)
846574	None	enhanced_cascade_cv(banglabert->enhanced_banglabert)
903153	Individual	enhanced_cascade_cv(banglabert->enhanced_banglabert)
245439	Individual	enhanced_cascade_cv(banglabert->enhanced_banglabert)
783830	None	enhanced_cascade_cv(banglabert->enhanced_banglabert)
331401	Individual	enhanced_cascade_cv(banglabert->enhanced_banglabert)
292302	None	enhanced_cascade_cv(banglabert->enhanced_banglabert)
202050	Individual	enhanced_cascade_cv(banglabert->enhanced_banglabert)
554542	Individual	enhanced_cascade_cv(banglabert->enhanced_banglabert)
707751	None	enhanced_cascade_cv(banglabert->enhanced_banglabert)
559532	Individual	enhanced_cascade_cv(banglabert->enhanced_banglabert)
145241	None	enhanced_cascade_cv(banglabert->enhanced_banglabert)
629050	None	enhanced_cascade_cv(banglabert->enhanced_banglabert)
877071	Individual	enhanced_cascade_cv(banglabert->enhanced_banglabert)
727608	None	enhanced_cascade_cv(banglabert->enhanced_banglabert)
248068	None	enhanced_cascade_cv(banglabert->enhanced_banglabert)
888295	None	enhanced_cascade_cv(banglabert->enhanced_banglabert)
901850	Individual	enhanced_cascade_cv(banglabert->enhanced_banglabert)
869448	Community	enhanced_cascade_cv(banglabert->enhanced_banglabert)
416416	Individual	enhanced_cascade_cv(banglabert->enhanced_banglabert)
415538	None	enhanced_cascade_cv(banglabert->enhanced_banglabert)
146151	None	enhanced_cascade_cv(banglabert->enhanced_banglabert)
198204	None	enhanced_cascade_cv(banglabert->enhanced_banglabert)
348006	None	enhanced_cascade_cv(banglabert->enhanced_banglabert)
754722	None	enhanced_cascade_cv(banglabert->enhanced_banglabert)
812143	None	enhanced_cascade_cv(banglabert->enhanced_banglabert)
423931	None	enhanced_cascade_cv(banglabert->enhanced_banglabert)
237143	Organization	enhanced_cascade_cv(banglabert->enhanced_banglabert)
715024	None	enhanced_cascade_cv(banglabert->enhanced_banglabert)
755555	Community	enhanced_cascade_cv(banglabert->enhanced_banglabert)
505393	None	enhanced_cascade_cv(banglabert->enhanced_banglabert)
93449	None	enhanced_cascade_cv(banglabert->enhanced_banglabert)
652090	None	enhanced_cascade_cv(banglabert->enhanced_banglabert)
639055	Individual	enhanced_cascade_cv(banglabert->enhanced_banglabert)
390517	None	enhanced_cascade_cv(banglabert->enhanced_banglabert)
496913	None	enhanced_cascade_cv(banglabert->enhanced_banglabert)
87325	None	enhanced_cascade_cv(banglabert->enhanced_banglabert)
407795	Community	enhanced_cascade_cv(banglabert->enhanced_banglabert)
865061	None	enhanced_cascade_cv(banglabert->enhanced_banglabert)
219900	Individual	enhanced_cascade_cv(banglabert->enhanced_banglabert)
485327	None	enhanced_cascade_cv(banglabert->enhanced_banglabert)
672674	Individual	enhanced_cascade_cv(banglabert->enhanced_banglabert)
359051	None	enhanced_cascade_cv(banglabert->enhanced_banglabert)
247371	Individual	enhanced_cascade_cv(banglabert->enhanced_banglabert)
433457	Organization	enhanced_cascade_cv(banglabert->enhanced_banglabert)
354355	None	enhanced_cascade_cv(banglabert->enhanced_banglabert)
866982	None	enhanced_cascade_cv(banglabert->enhanced_banglabert)
315543	None	enhanced_cascade_cv(banglabert->enhanced_banglabert)
370917	None	enhanced_cascade_cv(banglabert->enhanced_banglabert)
57657	Community	enhanced_cascade_cv(banglabert->enhanced_banglabert)
206002	Individual	enhanced_cascade_cv(banglabert->enhanced_banglabert)
305210	Organization	enhanced_cascade_cv(banglabert->enhanced_banglabert)
465374	None	enhanced_cascade_cv(banglabert->enhanced_banglabert)
242783	None	enhanced_cascade_cv(banglabert->enhanced_banglabert)
313050	None	enhanced_cascade_cv(banglabert->enhanced_banglabert)
535666	Individual	enhanced_cascade_cv(banglabert->enhanced_banglabert)
130713	None	enhanced_cascade_cv(banglabert->enhanced_banglabert)
623202	None	enhanced_cascade_cv(banglabert->enhanced_banglabert)
500357	None	enhanced_cascade_cv(banglabert->enhanced_banglabert)
522503	None	enhanced_cascade_cv(banglabert->enhanced_banglabert)
270197	Community	enhanced_cascade_cv(banglabert->enhanced_banglabert)
346576	None	enhanced_cascade_cv(banglabert->enhanced_banglabert)
126832	None	enhanced_cascade_cv(banglabert->enhanced_banglabert)
281162	None	enhanced_cascade_cv(banglabert->enhanced_banglabert)
278484	None	enhanced_cascade_cv(banglabert->enhanced_banglabert)
917609	Society	enhanced_cascade_cv(banglabert->enhanced_banglabert)
299356	Individual	enhanced_cascade_cv(banglabert->enhanced_banglabert)
399437	None	enhanced_cascade_cv(banglabert->enhanced_banglabert)
279445	None	enhanced_cascade_cv(banglabert->enhanced_banglabert)
557726	Community	enhanced_cascade_cv(banglabert->enhanced_banglabert)
97953	Individual	enhanced_cascade_cv(banglabert->enhanced_banglabert)
510476	None	enhanced_cascade_cv(banglabert->enhanced_banglabert)
337756	None	enhanced_cascade_cv(banglabert->enhanced_banglabert)
271826	None	enhanced_cascade_cv(banglabert->enhanced_banglabert)
76460	None	enhanced_cascade_cv(banglabert->enhanced_banglabert)
807856	None	enhanced_cascade_cv(banglabert->enhanced_banglabert)
447371	None	enhanced_cascade_cv(banglabert->enhanced_banglabert)
907034	None	enhanced_cascade_cv(banglabert->enhanced_banglabert)
425001	Society	enhanced_cascade_cv(banglabert->enhanced_banglabert)
323986	Organization	enhanced_cascade_cv(banglabert->enhanced_banglabert)
806372	None	enhanced_cascade_cv(banglabert->enhanced_banglabert)
364441	None	enhanced_cascade_cv(banglabert->enhanced_banglabert)
93718	None	enhanced_cascade_cv(banglabert->enhanced_banglabert)
423513	None	enhanced_cascade_cv(banglabert->enhanced_banglabert)
2463	None	enhanced_cascade_cv(banglabert->enhanced_banglabert)
261513	Individual	enhanced_cascade_cv(banglabert->enhanced_banglabert)
159869	Community	enhanced_cascade_cv(banglabert->enhanced_banglabert)
21565	None	enhanced_cascade_cv(banglabert->enhanced_banglabert)
347820	None	enhanced_cascade_cv(banglabert->enhanced_banglabert)
731795	None	enhanced_cascade_cv(banglabert->enhanced_banglabert)
59611	Individual	enhanced_cascade_cv(banglabert->enhanced_banglabert)
911291	None	enhanced_cascade_cv(banglabert->enhanced_banglabert)
418462	None	enhanced_cascade_cv(banglabert->enhanced_banglabert)
426445	None	enhanced_cascade_cv(banglabert->enhanced_banglabert)
564345	Individual	enhanced_cascade_cv(banglabert->enhanced_banglabert)
938461	None	enhanced_cascade_cv(banglabert->enhanced_banglabert)
190317	Individual	enhanced_cascade_cv(banglabert->enhanced_banglabert)
450450	Organization	enhanced_cascade_cv(banglabert->enhanced_banglabert)
227532	Individual	enhanced_cascade_cv(banglabert->enhanced_banglabert)
368018	None	enhanced_cascade_cv(banglabert->enhanced_banglabert)
170457	None	enhanced_cascade_cv(banglabert->enhanced_banglabert)
45917	Society	enhanced_cascade_cv(banglabert->enhanced_banglabert)
675896	Community	enhanced_cascade_cv(banglabert->enhanced_banglabert)
515617	Individual	enhanced_cascade_cv(banglabert->enhanced_banglabert)
422298	Society	enhanced_cascade_cv(banglabert->enhanced_banglabert)
499305	Community	enhanced_cascade_cv(banglabert->enhanced_banglabert)
393171	Individual	enhanced_cascade_cv(banglabert->enhanced_banglabert)
504479	None	enhanced_cascade_cv(banglabert->enhanced_banglabert)
825325	Community	enhanced_cascade_cv(banglabert->enhanced_banglabert)
375652	None	enhanced_cascade_cv(banglabert->enhanced_banglabert)
568868	None	enhanced_cascade_cv(banglabert->enhanced_banglabert)
72460	Community	enhanced_cascade_cv(banglabert->enhanced_banglabert)
511424	None	enhanced_cascade_cv(banglabert->enhanced_banglabert)
639783	None	enhanced_cascade_cv(banglabert->enhanced_banglabert)
562034	None	enhanced_cascade_cv(banglabert->enhanced_banglabert)
23727	Society	enhanced_cascade_cv(banglabert->enhanced_banglabert)
858403	Individual	enhanced_cascade_cv(banglabert->enhanced_banglabert)
244931	Organization	enhanced_cascade_cv(banglabert->enhanced_banglabert)
641971	None	enhanced_cascade_cv(banglabert->enhanced_banglabert)
512308	None	enhanced_cascade_cv(banglabert->enhanced_banglabert)
635171	None	enhanced_cascade_cv(banglabert->enhanced_banglabert)
706258	None	enhanced_cascade_cv(banglabert->enhanced_banglabert)
60624	Community	enhanced_cascade_cv(banglabert->enhanced_banglabert)
487531	None	enhanced_cascade_cv(banglabert->enhanced_banglabert)
261850	Organization	enhanced_cascade_cv(banglabert->enhanced_banglabert)
441616	Organization	enhanced_cascade_cv(banglabert->enhanced_banglabert)
922644	None	enhanced_cascade_cv(banglabert->enhanced_banglabert)
819273	Society	enhanced_cascade_cv(banglabert->enhanced_banglabert)
145210	None	enhanced_cascade_cv(banglabert->enhanced_banglabert)
217673	Organization	enhanced_cascade_cv(banglabert->enhanced_banglabert)
838033	Individual	enhanced_cascade_cv(banglabert->enhanced_banglabert)
666330	Individual	enhanced_cascade_cv(banglabert->enhanced_banglabert)
292847	Organization	enhanced_cascade_cv(banglabert->enhanced_banglabert)
388913	None	enhanced_cascade_cv(banglabert->enhanced_banglabert)
839280	None	enhanced_cascade_cv(banglabert->enhanced_banglabert)
406041	None	enhanced_cascade_cv(banglabert->enhanced_banglabert)
886443	Individual	enhanced_cascade_cv(banglabert->enhanced_banglabert)
731464	Society	enhanced_cascade_cv(banglabert->enhanced_banglabert)
603185	None	enhanced_cascade_cv(banglabert->enhanced_banglabert)
53430	None	enhanced_cascade_cv(banglabert->enhanced_banglabert)
248614	Individual	enhanced_cascade_cv(banglabert->enhanced_banglabert)
489754	None	enhanced_cascade_cv(banglabert->enhanced_banglabert)
45000	None	enhanced_cascade_cv(banglabert->enhanced_banglabert)
554005	Individual	enhanced_cascade_cv(banglabert->enhanced_banglabert)
692492	None	enhanced_cascade_cv(banglabert->enhanced_banglabert)
244898	None	enhanced_cascade_cv(banglabert->enhanced_banglabert)
819981	None	enhanced_cascade_cv(banglabert->enhanced_banglabert)
206100	None	enhanced_cascade_cv(banglabert->enhanced_banglabert)
444972	Individual	enhanced_cascade_cv(banglabert->enhanced_banglabert)
590641	None	enhanced_cascade_cv(banglabert->enhanced_banglabert)
532273	None	enhanced_cascade_cv(banglabert->enhanced_banglabert)
186446	None	enhanced_cascade_cv(banglabert->enhanced_banglabert)
712750	None	enhanced_cascade_cv(banglabert->enhanced_banglabert)
599242	Organization	enhanced_cascade_cv(banglabert->enhanced_banglabert)
52040	None	enhanced_cascade_cv(banglabert->enhanced_banglabert)
575641	Individual	enhanced_cascade_cv(banglabert->enhanced_banglabert)
25742	None	enhanced_cascade_cv(banglabert->enhanced_banglabert)
681348	Organization	enhanced_cascade_cv(banglabert->enhanced_banglabert)
604419	Organization	enhanced_cascade_cv(banglabert->enhanced_banglabert)
281590	Individual	enhanced_cascade_cv(banglabert->enhanced_banglabert)
889820	None	enhanced_cascade_cv(banglabert->enhanced_banglabert)
251771	None	enhanced_cascade_cv(banglabert->enhanced_banglabert)
157679	None	enhanced_cascade_cv(banglabert->enhanced_banglabert)
620293	Organization	enhanced_cascade_cv(banglabert->enhanced_banglabert)
172790	None	enhanced_cascade_cv(banglabert->enhanced_banglabert)
114417	None	enhanced_cascade_cv(banglabert->enhanced_banglabert)
184268	Organization	enhanced_cascade_cv(banglabert->enhanced_banglabert)
118737	None	enhanced_cascade_cv(banglabert->enhanced_banglabert)
126973	None	enhanced_cascade_cv(banglabert->enhanced_banglabert)
755651	Society	enhanced_cascade_cv(banglabert->enhanced_banglabert)
292375	None	enhanced_cascade_cv(banglabert->enhanced_banglabert)
857839	None	enhanced_cascade_cv(banglabert->enhanced_banglabert)
434374	None	enhanced_cascade_cv(banglabert->enhanced_banglabert)
708422	Individual	enhanced_cascade_cv(banglabert->enhanced_banglabert)
79557	None	enhanced_cascade_cv(banglabert->enhanced_banglabert)
568084	Organization	enhanced_cascade_cv(banglabert->enhanced_banglabert)
300897	None	enhanced_cascade_cv(banglabert->enhanced_banglabert)
711798	None	enhanced_cascade_cv(banglabert->enhanced_banglabert)
871987	None	enhanced_cascade_cv(banglabert->enhanced_banglabert)
748769	None	enhanced_cascade_cv(banglabert->enhanced_banglabert)
329725	Community	enhanced_cascade_cv(banglabert->enhanced_banglabert)
893083	None	enhanced_cascade_cv(banglabert->enhanced_banglabert)
260287	None	enhanced_cascade_cv(banglabert->enhanced_banglabert)
280671	None	enhanced_cascade_cv(banglabert->enhanced_banglabert)
857027	None	enhanced_cascade_cv(banglabert->enhanced_banglabert)
67305	None	enhanced_cascade_cv(banglabert->enhanced_banglabert)
94930	None	enhanced_cascade_cv(banglabert->enhanced_banglabert)
265903	None	enhanced_cascade_cv(banglabert->enhanced_banglabert)
752458	Individual	enhanced_cascade_cv(banglabert->enhanced_banglabert)
25920	None	enhanced_cascade_cv(banglabert->enhanced_banglabert)
330580	None	enhanced_cascade_cv(banglabert->enhanced_banglabert)
131132	None	enhanced_cascade_cv(banglabert->enhanced_banglabert)
855896	Community	enhanced_cascade_cv(banglabert->enhanced_banglabert)
714527	None	enhanced_cascade_cv(banglabert->enhanced_banglabert)
331142	None	enhanced_cascade_cv(banglabert->enhanced_banglabert)
70031	Organization	enhanced_cascade_cv(banglabert->enhanced_banglabert)
892177	None	enhanced_cascade_cv(banglabert->enhanced_banglabert)
257061	Community	enhanced_cascade_cv(banglabert->enhanced_banglabert)
521755	None	enhanced_cascade_cv(banglabert->enhanced_banglabert)
132083	None	enhanced_cascade_cv(banglabert->enhanced_banglabert)
356249	Organization	enhanced_cascade_cv(banglabert->enhanced_banglabert)
60077	Community	enhanced_cascade_cv(banglabert->enhanced_banglabert)
277697	None	enhanced_cascade_cv(banglabert->enhanced_banglabert)
701067	Organization	enhanced_cascade_cv(banglabert->enhanced_banglabert)
149813	None	enhanced_cascade_cv(banglabert->enhanced_banglabert)
671371	Individual	enhanced_cascade_cv(banglabert->enhanced_banglabert)
507941	None	enhanced_cascade_cv(banglabert->enhanced_banglabert)
181734	Organization	enhanced_cascade_cv(banglabert->enhanced_banglabert)
861597	Individual	enhanced_cascade_cv(banglabert->enhanced_banglabert)
936644	None	enhanced_cascade_cv(banglabert->enhanced_banglabert)
544999	None	enhanced_cascade_cv(banglabert->enhanced_banglabert)
87785	None	enhanced_cascade_cv(banglabert->enhanced_banglabert)
545434	Organization	enhanced_cascade_cv(banglabert->enhanced_banglabert)
439555	Community	enhanced_cascade_cv(banglabert->enhanced_banglabert)
705773	None	enhanced_cascade_cv(banglabert->enhanced_banglabert)
899974	None	enhanced_cascade_cv(banglabert->enhanced_banglabert)
102352	Organization	enhanced_cascade_cv(banglabert->enhanced_banglabert)
379227	None	enhanced_cascade_cv(banglabert->enhanced_banglabert)
38084	None	enhanced_cascade_cv(banglabert->enhanced_banglabert)
798087	None	enhanced_cascade_cv(banglabert->enhanced_banglabert)
20876	None	enhanced_cascade_cv(banglabert->enhanced_banglabert)
430939	None	enhanced_cascade_cv(banglabert->enhanced_banglabert)
342266	Community	enhanced_cascade_cv(banglabert->enhanced_banglabert)
257358	None	enhanced_cascade_cv(banglabert->enhanced_banglabert)
47485	None	enhanced_cascade_cv(banglabert->enhanced_banglabert)
602984	None	enhanced_cascade_cv(banglabert->enhanced_banglabert)
503829	Community	enhanced_cascade_cv(banglabert->enhanced_banglabert)
637499	Community	enhanced_cascade_cv(banglabert->enhanced_banglabert)
399757	None	enhanced_cascade_cv(banglabert->enhanced_banglabert)
476389	None	enhanced_cascade_cv(banglabert->enhanced_banglabert)
284122	Organization	enhanced_cascade_cv(banglabert->enhanced_banglabert)
867909	None	enhanced_cascade_cv(banglabert->enhanced_banglabert)
492110	None	enhanced_cascade_cv(banglabert->enhanced_banglabert)
593352	Individual	enhanced_cascade_cv(banglabert->enhanced_banglabert)
905912	Individual	enhanced_cascade_cv(banglabert->enhanced_banglabert)
244944	Organization	enhanced_cascade_cv(banglabert->enhanced_banglabert)
427084	None	enhanced_cascade_cv(banglabert->enhanced_banglabert)
390810	None	enhanced_cascade_cv(banglabert->enhanced_banglabert)
629962	None	enhanced_cascade_cv(banglabert->enhanced_banglabert)
38507	None	enhanced_cascade_cv(banglabert->enhanced_banglabert)
707204	None	enhanced_cascade_cv(banglabert->enhanced_banglabert)
359670	Individual	enhanced_cascade_cv(banglabert->enhanced_banglabert)
527042	None	enhanced_cascade_cv(banglabert->enhanced_banglabert)
263599	Individual	enhanced_cascade_cv(banglabert->enhanced_banglabert)
845670	Individual	enhanced_cascade_cv(banglabert->enhanced_banglabert)
389166	None	enhanced_cascade_cv(banglabert->enhanced_banglabert)
221502	Individual	enhanced_cascade_cv(banglabert->enhanced_banglabert)
608890	None	enhanced_cascade_cv(banglabert->enhanced_banglabert)
559574	Individual	enhanced_cascade_cv(banglabert->enhanced_banglabert)
73975	Individual	enhanced_cascade_cv(banglabert->enhanced_banglabert)
775248	None	enhanced_cascade_cv(banglabert->enhanced_banglabert)
807764	None	enhanced_cascade_cv(banglabert->enhanced_banglabert)
402157	None	enhanced_cascade_cv(banglabert->enhanced_banglabert)
577895	None	enhanced_cascade_cv(banglabert->enhanced_banglabert)
497228	Community	enhanced_cascade_cv(banglabert->enhanced_banglabert)
104256	None	enhanced_cascade_cv(banglabert->enhanced_banglabert)
857169	None	enhanced_cascade_cv(banglabert->enhanced_banglabert)
583364	None	enhanced_cascade_cv(banglabert->enhanced_banglabert)
293806	Organization	enhanced_cascade_cv(banglabert->enhanced_banglabert)
772386	None	enhanced_cascade_cv(banglabert->enhanced_banglabert)
329008	Individual	enhanced_cascade_cv(banglabert->enhanced_banglabert)
358728	None	enhanced_cascade_cv(banglabert->enhanced_banglabert)
703185	None	enhanced_cascade_cv(banglabert->enhanced_banglabert)
464799	None	enhanced_cascade_cv(banglabert->enhanced_banglabert)
371289	Community	enhanced_cascade_cv(banglabert->enhanced_banglabert)
671103	None	enhanced_cascade_cv(banglabert->enhanced_banglabert)
394647	None	enhanced_cascade_cv(banglabert->enhanced_banglabert)
804025	Society	enhanced_cascade_cv(banglabert->enhanced_banglabert)
497544	Organization	enhanced_cascade_cv(banglabert->enhanced_banglabert)
885075	None	enhanced_cascade_cv(banglabert->enhanced_banglabert)
549072	None	enhanced_cascade_cv(banglabert->enhanced_banglabert)
583555	Individual	enhanced_cascade_cv(banglabert->enhanced_banglabert)
140694	None	enhanced_cascade_cv(banglabert->enhanced_banglabert)
12489	Organization	enhanced_cascade_cv(banglabert->enhanced_banglabert)
822598	Community	enhanced_cascade_cv(banglabert->enhanced_banglabert)
924671	None	enhanced_cascade_cv(banglabert->enhanced_banglabert)
493213	None	enhanced_cascade_cv(banglabert->enhanced_banglabert)
638560	None	enhanced_cascade_cv(banglabert->enhanced_banglabert)
393259	Individual	enhanced_cascade_cv(banglabert->enhanced_banglabert)
570340	None	enhanced_cascade_cv(banglabert->enhanced_banglabert)
767420	None	enhanced_cascade_cv(banglabert->enhanced_banglabert)
595552	None	enhanced_cascade_cv(banglabert->enhanced_banglabert)
162610	None	enhanced_cascade_cv(banglabert->enhanced_banglabert)
352498	Individual	enhanced_cascade_cv(banglabert->enhanced_banglabert)
689644	None	enhanced_cascade_cv(banglabert->enhanced_banglabert)
9367	Community	enhanced_cascade_cv(banglabert->enhanced_banglabert)
243579	None	enhanced_cascade_cv(banglabert->enhanced_banglabert)
20641	Individual	enhanced_cascade_cv(banglabert->enhanced_banglabert)
671740	Community	enhanced_cascade_cv(banglabert->enhanced_banglabert)
301877	None	enhanced_cascade_cv(banglabert->enhanced_banglabert)
773467	Organization	enhanced_cascade_cv(banglabert->enhanced_banglabert)
56203	None	enhanced_cascade_cv(banglabert->enhanced_banglabert)
393941	None	enhanced_cascade_cv(banglabert->enhanced_banglabert)
336991	Organization	enhanced_cascade_cv(banglabert->enhanced_banglabert)
339585	None	enhanced_cascade_cv(banglabert->enhanced_banglabert)
322475	None	enhanced_cascade_cv(banglabert->enhanced_banglabert)
562771	None	enhanced_cascade_cv(banglabert->enhanced_banglabert)
218572	None	enhanced_cascade_cv(banglabert->enhanced_banglabert)
794369	Society	enhanced_cascade_cv(banglabert->enhanced_banglabert)
933111	None	enhanced_cascade_cv(banglabert->enhanced_banglabert)
47338	None	enhanced_cascade_cv(banglabert->enhanced_banglabert)
367549	None	enhanced_cascade_cv(banglabert->enhanced_banglabert)
472751	None	enhanced_cascade_cv(banglabert->enhanced_banglabert)
730017	Individual	enhanced_cascade_cv(banglabert->enhanced_banglabert)
507525	None	enhanced_cascade_cv(banglabert->enhanced_banglabert)
485102	None	enhanced_cascade_cv(banglabert->enhanced_banglabert)
784674	None	enhanced_cascade_cv(banglabert->enhanced_banglabert)
506838	Society	enhanced_cascade_cv(banglabert->enhanced_banglabert)
339934	Organization	enhanced_cascade_cv(banglabert->enhanced_banglabert)
107168	Organization	enhanced_cascade_cv(banglabert->enhanced_banglabert)
530307	None	enhanced_cascade_cv(banglabert->enhanced_banglabert)
709249	None	enhanced_cascade_cv(banglabert->enhanced_banglabert)
851923	None	enhanced_cascade_cv(banglabert->enhanced_banglabert)
849362	Individual	enhanced_cascade_cv(banglabert->enhanced_banglabert)
330536	None	enhanced_cascade_cv(banglabert->enhanced_banglabert)
552864	Individual	enhanced_cascade_cv(banglabert->enhanced_banglabert)
237360	Organization	enhanced_cascade_cv(banglabert->enhanced_banglabert)
892420	None	enhanced_cascade_cv(banglabert->enhanced_banglabert)
29320	Community	enhanced_cascade_cv(banglabert->enhanced_banglabert)
426102	None	enhanced_cascade_cv(banglabert->enhanced_banglabert)
600031	Individual	enhanced_cascade_cv(banglabert->enhanced_banglabert)
457569	None	enhanced_cascade_cv(banglabert->enhanced_banglabert)
275322	None	enhanced_cascade_cv(banglabert->enhanced_banglabert)
495163	Community	enhanced_cascade_cv(banglabert->enhanced_banglabert)
162668	Community	enhanced_cascade_cv(banglabert->enhanced_banglabert)
512820	None	enhanced_cascade_cv(banglabert->enhanced_banglabert)
74842	Individual	enhanced_cascade_cv(banglabert->enhanced_banglabert)
702177	None	enhanced_cascade_cv(banglabert->enhanced_banglabert)
7284	None	enhanced_cascade_cv(banglabert->enhanced_banglabert)
100970	None	enhanced_cascade_cv(banglabert->enhanced_banglabert)
914847	None	enhanced_cascade_cv(banglabert->enhanced_banglabert)
377047	None	enhanced_cascade_cv(banglabert->enhanced_banglabert)
176150	None	enhanced_cascade_cv(banglabert->enhanced_banglabert)
180610	None	enhanced_cascade_cv(banglabert->enhanced_banglabert)
229964	None	enhanced_cascade_cv(banglabert->enhanced_banglabert)
685719	None	enhanced_cascade_cv(banglabert->enhanced_banglabert)
661639	None	enhanced_cascade_cv(banglabert->enhanced_banglabert)
821703	None	enhanced_cascade_cv(banglabert->enhanced_banglabert)
149688	None	enhanced_cascade_cv(banglabert->enhanced_banglabert)
618248	Individual	enhanced_cascade_cv(banglabert->enhanced_banglabert)
173384	None	enhanced_cascade_cv(banglabert->enhanced_banglabert)
740315	None	enhanced_cascade_cv(banglabert->enhanced_banglabert)
265399	None	enhanced_cascade_cv(banglabert->enhanced_banglabert)
608007	Organization	enhanced_cascade_cv(banglabert->enhanced_banglabert)
331948	None	enhanced_cascade_cv(banglabert->enhanced_banglabert)
324593	None	enhanced_cascade_cv(banglabert->enhanced_banglabert)
56506	None	enhanced_cascade_cv(banglabert->enhanced_banglabert)
50964	Organization	enhanced_cascade_cv(banglabert->enhanced_banglabert)
638983	Society	enhanced_cascade_cv(banglabert->enhanced_banglabert)
722237	Society	enhanced_cascade_cv(banglabert->enhanced_banglabert)
900132	None	enhanced_cascade_cv(banglabert->enhanced_banglabert)
736864	None	enhanced_cascade_cv(banglabert->enhanced_banglabert)
554571	Organization	enhanced_cascade_cv(banglabert->enhanced_banglabert)
84890	None	enhanced_cascade_cv(banglabert->enhanced_banglabert)
216806	Organization	enhanced_cascade_cv(banglabert->enhanced_banglabert)
191514	None	enhanced_cascade_cv(banglabert->enhanced_banglabert)
902387	None	enhanced_cascade_cv(banglabert->enhanced_banglabert)
211931	None	enhanced_cascade_cv(banglabert->enhanced_banglabert)
204200	Society	enhanced_cascade_cv(banglabert->enhanced_banglabert)
422439	Individual	enhanced_cascade_cv(banglabert->enhanced_banglabert)
573250	None	enhanced_cascade_cv(banglabert->enhanced_banglabert)
659858	None	enhanced_cascade_cv(banglabert->enhanced_banglabert)
14541	Community	enhanced_cascade_cv(banglabert->enhanced_banglabert)
33550	None	enhanced_cascade_cv(banglabert->enhanced_banglabert)
398322	Individual	enhanced_cascade_cv(banglabert->enhanced_banglabert)
700953	None	enhanced_cascade_cv(banglabert->enhanced_banglabert)
931477	None	enhanced_cascade_cv(banglabert->enhanced_banglabert)
449547	None	enhanced_cascade_cv(banglabert->enhanced_banglabert)
778914	Individual	enhanced_cascade_cv(banglabert->enhanced_banglabert)
572358	Organization	enhanced_cascade_cv(banglabert->enhanced_banglabert)
501171	None	enhanced_cascade_cv(banglabert->enhanced_banglabert)
503869	Individual	enhanced_cascade_cv(banglabert->enhanced_banglabert)
453128	Individual	enhanced_cascade_cv(banglabert->enhanced_banglabert)
857463	Organization	enhanced_cascade_cv(banglabert->enhanced_banglabert)
341589	Individual	enhanced_cascade_cv(banglabert->enhanced_banglabert)
316343	None	enhanced_cascade_cv(banglabert->enhanced_banglabert)
6565	None	enhanced_cascade_cv(banglabert->enhanced_banglabert)
357393	None	enhanced_cascade_cv(banglabert->enhanced_banglabert)
116036	None	enhanced_cascade_cv(banglabert->enhanced_banglabert)
430731	Individual	enhanced_cascade_cv(banglabert->enhanced_banglabert)
581372	Individual	enhanced_cascade_cv(banglabert->enhanced_banglabert)
186164	Individual	enhanced_cascade_cv(banglabert->enhanced_banglabert)
816788	None	enhanced_cascade_cv(banglabert->enhanced_banglabert)
556679	Organization	enhanced_cascade_cv(banglabert->enhanced_banglabert)
677788	Community	enhanced_cascade_cv(banglabert->enhanced_banglabert)
675834	None	enhanced_cascade_cv(banglabert->enhanced_banglabert)
385676	Individual	enhanced_cascade_cv(banglabert->enhanced_banglabert)
492470	None	enhanced_cascade_cv(banglabert->enhanced_banglabert)
925997	Individual	enhanced_cascade_cv(banglabert->enhanced_banglabert)
872457	None	enhanced_cascade_cv(banglabert->enhanced_banglabert)
546813	None	enhanced_cascade_cv(banglabert->enhanced_banglabert)
565693	Individual	enhanced_cascade_cv(banglabert->enhanced_banglabert)
22335	Community	enhanced_cascade_cv(banglabert->enhanced_banglabert)
501458	None	enhanced_cascade_cv(banglabert->enhanced_banglabert)
771540	None	enhanced_cascade_cv(banglabert->enhanced_banglabert)
888873	None	enhanced_cascade_cv(banglabert->enhanced_banglabert)
571268	Individual	enhanced_cascade_cv(banglabert->enhanced_banglabert)
188967	Individual	enhanced_cascade_cv(banglabert->enhanced_banglabert)
126708	None	enhanced_cascade_cv(banglabert->enhanced_banglabert)
64076	Organization	enhanced_cascade_cv(banglabert->enhanced_banglabert)
86541	None	enhanced_cascade_cv(banglabert->enhanced_banglabert)
817225	Community	enhanced_cascade_cv(banglabert->enhanced_banglabert)
14376	None	enhanced_cascade_cv(banglabert->enhanced_banglabert)
478490	Organization	enhanced_cascade_cv(banglabert->enhanced_banglabert)
861575	None	enhanced_cascade_cv(banglabert->enhanced_banglabert)
832234	None	enhanced_cascade_cv(banglabert->enhanced_banglabert)
334582	None	enhanced_cascade_cv(banglabert->enhanced_banglabert)
406359	None	enhanced_cascade_cv(banglabert->enhanced_banglabert)
756445	None	enhanced_cascade_cv(banglabert->enhanced_banglabert)
867132	None	enhanced_cascade_cv(banglabert->enhanced_banglabert)
193879	Organization	enhanced_cascade_cv(banglabert->enhanced_banglabert)
494893	None	enhanced_cascade_cv(banglabert->enhanced_banglabert)
738871	Society	enhanced_cascade_cv(banglabert->enhanced_banglabert)
747487	None	enhanced_cascade_cv(banglabert->enhanced_banglabert)
613327	None	enhanced_cascade_cv(banglabert->enhanced_banglabert)
194841	Individual	enhanced_cascade_cv(banglabert->enhanced_banglabert)
928460	Individual	enhanced_cascade_cv(banglabert->enhanced_banglabert)
424020	None	enhanced_cascade_cv(banglabert->enhanced_banglabert)
807186	Society	enhanced_cascade_cv(banglabert->enhanced_banglabert)
323372	None	enhanced_cascade_cv(banglabert->enhanced_banglabert)
306987	None	enhanced_cascade_cv(banglabert->enhanced_banglabert)
874063	Community	enhanced_cascade_cv(banglabert->enhanced_banglabert)
463961	None	enhanced_cascade_cv(banglabert->enhanced_banglabert)
694105	None	enhanced_cascade_cv(banglabert->enhanced_banglabert)
134986	None	enhanced_cascade_cv(banglabert->enhanced_banglabert)
385466	Society	enhanced_cascade_cv(banglabert->enhanced_banglabert)
273129	Organization	enhanced_cascade_cv(banglabert->enhanced_banglabert)
42614	Individual	enhanced_cascade_cv(banglabert->enhanced_banglabert)
426021	None	enhanced_cascade_cv(banglabert->enhanced_banglabert)
486124	None	enhanced_cascade_cv(banglabert->enhanced_banglabert)
203069	None	enhanced_cascade_cv(banglabert->enhanced_banglabert)
306011	None	enhanced_cascade_cv(banglabert->enhanced_banglabert)
471855	None	enhanced_cascade_cv(banglabert->enhanced_banglabert)
693980	None	enhanced_cascade_cv(banglabert->enhanced_banglabert)
558246	None	enhanced_cascade_cv(banglabert->enhanced_banglabert)
546663	None	enhanced_cascade_cv(banglabert->enhanced_banglabert)
481941	None	enhanced_cascade_cv(banglabert->enhanced_banglabert)
448087	None	enhanced_cascade_cv(banglabert->enhanced_banglabert)
252870	None	enhanced_cascade_cv(banglabert->enhanced_banglabert)
431065	Individual	enhanced_cascade_cv(banglabert->enhanced_banglabert)
793719	None	enhanced_cascade_cv(banglabert->enhanced_banglabert)
680218	Individual	enhanced_cascade_cv(banglabert->enhanced_banglabert)
63931	None	enhanced_cascade_cv(banglabert->enhanced_banglabert)
824856	None	enhanced_cascade_cv(banglabert->enhanced_banglabert)
892843	None	enhanced_cascade_cv(banglabert->enhanced_banglabert)
257967	None	enhanced_cascade_cv(banglabert->enhanced_banglabert)
935122	None	enhanced_cascade_cv(banglabert->enhanced_banglabert)
263931	None	enhanced_cascade_cv(banglabert->enhanced_banglabert)
176292	None	enhanced_cascade_cv(banglabert->enhanced_banglabert)
145403	None	enhanced_cascade_cv(banglabert->enhanced_banglabert)
108079	None	enhanced_cascade_cv(banglabert->enhanced_banglabert)
839391	None	enhanced_cascade_cv(banglabert->enhanced_banglabert)
804809	Individual	enhanced_cascade_cv(banglabert->enhanced_banglabert)
668515	Individual	enhanced_cascade_cv(banglabert->enhanced_banglabert)
868672	None	enhanced_cascade_cv(banglabert->enhanced_banglabert)
411595	Individual	enhanced_cascade_cv(banglabert->enhanced_banglabert)
71251	None	enhanced_cascade_cv(banglabert->enhanced_banglabert)
728409	None	enhanced_cascade_cv(banglabert->enhanced_banglabert)
744349	Society	enhanced_cascade_cv(banglabert->enhanced_banglabert)
552172	None	enhanced_cascade_cv(banglabert->enhanced_banglabert)
334772	None	enhanced_cascade_cv(banglabert->enhanced_banglabert)
809800	None	enhanced_cascade_cv(banglabert->enhanced_banglabert)
151771	None	enhanced_cascade_cv(banglabert->enhanced_banglabert)
114520	None	enhanced_cascade_cv(banglabert->enhanced_banglabert)
710131	Individual	enhanced_cascade_cv(banglabert->enhanced_banglabert)
653120	Organization	enhanced_cascade_cv(banglabert->enhanced_banglabert)
235791	Individual	enhanced_cascade_cv(banglabert->enhanced_banglabert)
226795	None	enhanced_cascade_cv(banglabert->enhanced_banglabert)
644770	None	enhanced_cascade_cv(banglabert->enhanced_banglabert)
450973	None	enhanced_cascade_cv(banglabert->enhanced_banglabert)
320386	None	enhanced_cascade_cv(banglabert->enhanced_banglabert)
523178	None	enhanced_cascade_cv(banglabert->enhanced_banglabert)
393548	None	enhanced_cascade_cv(banglabert->enhanced_banglabert)
600112	Community	enhanced_cascade_cv(banglabert->enhanced_banglabert)
389250	None	enhanced_cascade_cv(banglabert->enhanced_banglabert)
897711	None	enhanced_cascade_cv(banglabert->enhanced_banglabert)
298444	None	enhanced_cascade_cv(banglabert->enhanced_banglabert)
472346	None	enhanced_cascade_cv(banglabert->enhanced_banglabert)
730830	None	enhanced_cascade_cv(banglabert->enhanced_banglabert)
367622	None	enhanced_cascade_cv(banglabert->enhanced_banglabert)
350547	None	enhanced_cascade_cv(banglabert->enhanced_banglabert)
911828	None	enhanced_cascade_cv(banglabert->enhanced_banglabert)
275615	Organization	enhanced_cascade_cv(banglabert->enhanced_banglabert)
14989	Individual	enhanced_cascade_cv(banglabert->enhanced_banglabert)
51127	Individual	enhanced_cascade_cv(banglabert->enhanced_banglabert)
501860	None	enhanced_cascade_cv(banglabert->enhanced_banglabert)
671088	None	enhanced_cascade_cv(banglabert->enhanced_banglabert)
44723	None	enhanced_cascade_cv(banglabert->enhanced_banglabert)
881618	None	enhanced_cascade_cv(banglabert->enhanced_banglabert)
907393	None	enhanced_cascade_cv(banglabert->enhanced_banglabert)
299506	None	enhanced_cascade_cv(banglabert->enhanced_banglabert)
730769	Society	enhanced_cascade_cv(banglabert->enhanced_banglabert)
657946	Organization	enhanced_cascade_cv(banglabert->enhanced_banglabert)
288368	None	enhanced_cascade_cv(banglabert->enhanced_banglabert)
561375	Individual	enhanced_cascade_cv(banglabert->enhanced_banglabert)
381537	None	enhanced_cascade_cv(banglabert->enhanced_banglabert)
108068	None	enhanced_cascade_cv(banglabert->enhanced_banglabert)
748750	None	enhanced_cascade_cv(banglabert->enhanced_banglabert)
115117	Individual	enhanced_cascade_cv(banglabert->enhanced_banglabert)
46498	Society	enhanced_cascade_cv(banglabert->enhanced_banglabert)
543974	None	enhanced_cascade_cv(banglabert->enhanced_banglabert)
640602	Community	enhanced_cascade_cv(banglabert->enhanced_banglabert)
431115	None	enhanced_cascade_cv(banglabert->enhanced_banglabert)
332219	Individual	enhanced_cascade_cv(banglabert->enhanced_banglabert)
355467	None	enhanced_cascade_cv(banglabert->enhanced_banglabert)
741652	None	enhanced_cascade_cv(banglabert->enhanced_banglabert)
392596	None	enhanced_cascade_cv(banglabert->enhanced_banglabert)
634011	None	enhanced_cascade_cv(banglabert->enhanced_banglabert)
413798	Community	enhanced_cascade_cv(banglabert->enhanced_banglabert)
880468	None	enhanced_cascade_cv(banglabert->enhanced_banglabert)
26320	Organization	enhanced_cascade_cv(banglabert->enhanced_banglabert)
583733	None	enhanced_cascade_cv(banglabert->enhanced_banglabert)
851585	Individual	enhanced_cascade_cv(banglabert->enhanced_banglabert)
33937	None	enhanced_cascade_cv(banglabert->enhanced_banglabert)
145268	None	enhanced_cascade_cv(banglabert->enhanced_banglabert)
230551	None	enhanced_cascade_cv(banglabert->enhanced_banglabert)
798875	None	enhanced_cascade_cv(banglabert->enhanced_banglabert)
844754	Individual	enhanced_cascade_cv(banglabert->enhanced_banglabert)
181128	None	enhanced_cascade_cv(banglabert->enhanced_banglabert)
452635	None	enhanced_cascade_cv(banglabert->enhanced_banglabert)
80082	Organization	enhanced_cascade_cv(banglabert->enhanced_banglabert)
291820	Individual	enhanced_cascade_cv(banglabert->enhanced_banglabert)
357006	None	enhanced_cascade_cv(banglabert->enhanced_banglabert)
312793	None	enhanced_cascade_cv(banglabert->enhanced_banglabert)
205439	None	enhanced_cascade_cv(banglabert->enhanced_banglabert)
669167	None	enhanced_cascade_cv(banglabert->enhanced_banglabert)
315702	None	enhanced_cascade_cv(banglabert->enhanced_banglabert)
847707	None	enhanced_cascade_cv(banglabert->enhanced_banglabert)
771119	None	enhanced_cascade_cv(banglabert->enhanced_banglabert)
830017	None	enhanced_cascade_cv(banglabert->enhanced_banglabert)
234419	Individual	enhanced_cascade_cv(banglabert->enhanced_banglabert)
938492	None	enhanced_cascade_cv(banglabert->enhanced_banglabert)
723798	Organization	enhanced_cascade_cv(banglabert->enhanced_banglabert)
711570	Organization	enhanced_cascade_cv(banglabert->enhanced_banglabert)
669286	None	enhanced_cascade_cv(banglabert->enhanced_banglabert)
417335	None	enhanced_cascade_cv(banglabert->enhanced_banglabert)
546316	Community	enhanced_cascade_cv(banglabert->enhanced_banglabert)
645851	None	enhanced_cascade_cv(banglabert->enhanced_banglabert)
312461	None	enhanced_cascade_cv(banglabert->enhanced_banglabert)
175857	None	enhanced_cascade_cv(banglabert->enhanced_banglabert)
41817	None	enhanced_cascade_cv(banglabert->enhanced_banglabert)
300526	Individual	enhanced_cascade_cv(banglabert->enhanced_banglabert)
586333	None	enhanced_cascade_cv(banglabert->enhanced_banglabert)
107823	Individual	enhanced_cascade_cv(banglabert->enhanced_banglabert)
678553	None	enhanced_cascade_cv(banglabert->enhanced_banglabert)
870537	Community	enhanced_cascade_cv(banglabert->enhanced_banglabert)
240341	None	enhanced_cascade_cv(banglabert->enhanced_banglabert)
537593	None	enhanced_cascade_cv(banglabert->enhanced_banglabert)
629728	None	enhanced_cascade_cv(banglabert->enhanced_banglabert)
868996	None	enhanced_cascade_cv(banglabert->enhanced_banglabert)
878758	None	enhanced_cascade_cv(banglabert->enhanced_banglabert)
113015	Community	enhanced_cascade_cv(banglabert->enhanced_banglabert)
347229	Individual	enhanced_cascade_cv(banglabert->enhanced_banglabert)
500263	None	enhanced_cascade_cv(banglabert->enhanced_banglabert)
126898	Organization	enhanced_cascade_cv(banglabert->enhanced_banglabert)
238667	None	enhanced_cascade_cv(banglabert->enhanced_banglabert)
60784	None	enhanced_cascade_cv(banglabert->enhanced_banglabert)
649132	None	enhanced_cascade_cv(banglabert->enhanced_banglabert)
711203	Individual	enhanced_cascade_cv(banglabert->enhanced_banglabert)
437920	None	enhanced_cascade_cv(banglabert->enhanced_banglabert)
798774	Society	enhanced_cascade_cv(banglabert->enhanced_banglabert)
448448	Community	enhanced_cascade_cv(banglabert->enhanced_banglabert)
665689	None	enhanced_cascade_cv(banglabert->enhanced_banglabert)
417933	Individual	enhanced_cascade_cv(banglabert->enhanced_banglabert)
709151	Community	enhanced_cascade_cv(banglabert->enhanced_banglabert)
379340	None	enhanced_cascade_cv(banglabert->enhanced_banglabert)
690708	Community	enhanced_cascade_cv(banglabert->enhanced_banglabert)
646030	None	enhanced_cascade_cv(banglabert->enhanced_banglabert)
298650	Individual	enhanced_cascade_cv(banglabert->enhanced_banglabert)
641607	None	enhanced_cascade_cv(banglabert->enhanced_banglabert)
542399	None	enhanced_cascade_cv(banglabert->enhanced_banglabert)
519422	None	enhanced_cascade_cv(banglabert->enhanced_banglabert)
159132	None	enhanced_cascade_cv(banglabert->enhanced_banglabert)
281493	None	enhanced_cascade_cv(banglabert->enhanced_banglabert)
36758	None	enhanced_cascade_cv(banglabert->enhanced_banglabert)
242300	None	enhanced_cascade_cv(banglabert->enhanced_banglabert)
195863	None	enhanced_cascade_cv(banglabert->enhanced_banglabert)
695540	None	enhanced_cascade_cv(banglabert->enhanced_banglabert)
24023	None	enhanced_cascade_cv(banglabert->enhanced_banglabert)
645669	Society	enhanced_cascade_cv(banglabert->enhanced_banglabert)
229600	None	enhanced_cascade_cv(banglabert->enhanced_banglabert)
511955	None	enhanced_cascade_cv(banglabert->enhanced_banglabert)
430263	None	enhanced_cascade_cv(banglabert->enhanced_banglabert)
477861	None	enhanced_cascade_cv(banglabert->enhanced_banglabert)
498188	Individual	enhanced_cascade_cv(banglabert->enhanced_banglabert)
935306	None	enhanced_cascade_cv(banglabert->enhanced_banglabert)
905523	Community	enhanced_cascade_cv(banglabert->enhanced_banglabert)
909996	None	enhanced_cascade_cv(banglabert->enhanced_banglabert)
218435	None	enhanced_cascade_cv(banglabert->enhanced_banglabert)
472642	None	enhanced_cascade_cv(banglabert->enhanced_banglabert)
422182	Organization	enhanced_cascade_cv(banglabert->enhanced_banglabert)
167774	None	enhanced_cascade_cv(banglabert->enhanced_banglabert)
469295	None	enhanced_cascade_cv(banglabert->enhanced_banglabert)
648017	None	enhanced_cascade_cv(banglabert->enhanced_banglabert)
924632	Society	enhanced_cascade_cv(banglabert->enhanced_banglabert)
908795	Individual	enhanced_cascade_cv(banglabert->enhanced_banglabert)
845556	Individual	enhanced_cascade_cv(banglabert->enhanced_banglabert)
519031	Community	enhanced_cascade_cv(banglabert->enhanced_banglabert)
380666	None	enhanced_cascade_cv(banglabert->enhanced_banglabert)
307046	Individual	enhanced_cascade_cv(banglabert->enhanced_banglabert)
845529	Individual	enhanced_cascade_cv(banglabert->enhanced_banglabert)
324559	None	enhanced_cascade_cv(banglabert->enhanced_banglabert)
525749	None	enhanced_cascade_cv(banglabert->enhanced_banglabert)
92238	None	enhanced_cascade_cv(banglabert->enhanced_banglabert)
284797	None	enhanced_cascade_cv(banglabert->enhanced_banglabert)
915536	Individual	enhanced_cascade_cv(banglabert->enhanced_banglabert)
209898	Organization	enhanced_cascade_cv(banglabert->enhanced_banglabert)
102783	None	enhanced_cascade_cv(banglabert->enhanced_banglabert)
472865	Community	enhanced_cascade_cv(banglabert->enhanced_banglabert)
19842	None	enhanced_cascade_cv(banglabert->enhanced_banglabert)
702088	None	enhanced_cascade_cv(banglabert->enhanced_banglabert)
280461	None	enhanced_cascade_cv(banglabert->enhanced_banglabert)
176045	Individual	enhanced_cascade_cv(banglabert->enhanced_banglabert)
680801	None	enhanced_cascade_cv(banglabert->enhanced_banglabert)
597550	None	enhanced_cascade_cv(banglabert->enhanced_banglabert)
419753	None	enhanced_cascade_cv(banglabert->enhanced_banglabert)
269165	None	enhanced_cascade_cv(banglabert->enhanced_banglabert)
373417	Society	enhanced_cascade_cv(banglabert->enhanced_banglabert)
776860	Society	enhanced_cascade_cv(banglabert->enhanced_banglabert)
781111	Individual	enhanced_cascade_cv(banglabert->enhanced_banglabert)
218023	None	enhanced_cascade_cv(banglabert->enhanced_banglabert)
338326	None	enhanced_cascade_cv(banglabert->enhanced_banglabert)
418672	Organization	enhanced_cascade_cv(banglabert->enhanced_banglabert)
530176	None	enhanced_cascade_cv(banglabert->enhanced_banglabert)
758328	None	enhanced_cascade_cv(banglabert->enhanced_banglabert)
295984	None	enhanced_cascade_cv(banglabert->enhanced_banglabert)
479955	Individual	enhanced_cascade_cv(banglabert->enhanced_banglabert)
731973	None	enhanced_cascade_cv(banglabert->enhanced_banglabert)
269508	Individual	enhanced_cascade_cv(banglabert->enhanced_banglabert)
442710	Society	enhanced_cascade_cv(banglabert->enhanced_banglabert)
371016	None	enhanced_cascade_cv(banglabert->enhanced_banglabert)
218617	Organization	enhanced_cascade_cv(banglabert->enhanced_banglabert)
335944	None	enhanced_cascade_cv(banglabert->enhanced_banglabert)
27668	None	enhanced_cascade_cv(banglabert->enhanced_banglabert)
471568	None	enhanced_cascade_cv(banglabert->enhanced_banglabert)
302569	Individual	enhanced_cascade_cv(banglabert->enhanced_banglabert)
743492	None	enhanced_cascade_cv(banglabert->enhanced_banglabert)
378993	Society	enhanced_cascade_cv(banglabert->enhanced_banglabert)
843171	None	enhanced_cascade_cv(banglabert->enhanced_banglabert)
45677	None	enhanced_cascade_cv(banglabert->enhanced_banglabert)
449888	Community	enhanced_cascade_cv(banglabert->enhanced_banglabert)
491889	None	enhanced_cascade_cv(banglabert->enhanced_banglabert)
599393	Organization	enhanced_cascade_cv(banglabert->enhanced_banglabert)
63960	None	enhanced_cascade_cv(banglabert->enhanced_banglabert)
77576	None	enhanced_cascade_cv(banglabert->enhanced_banglabert)
864290	None	enhanced_cascade_cv(banglabert->enhanced_banglabert)
667249	None	enhanced_cascade_cv(banglabert->enhanced_banglabert)
406574	None	enhanced_cascade_cv(banglabert->enhanced_banglabert)
132949	None	enhanced_cascade_cv(banglabert->enhanced_banglabert)
642228	None	enhanced_cascade_cv(banglabert->enhanced_banglabert)
836008	Individual	enhanced_cascade_cv(banglabert->enhanced_banglabert)
51310	Individual	enhanced_cascade_cv(banglabert->enhanced_banglabert)
927386	None	enhanced_cascade_cv(banglabert->enhanced_banglabert)
448323	None	enhanced_cascade_cv(banglabert->enhanced_banglabert)
614076	None	enhanced_cascade_cv(banglabert->enhanced_banglabert)
669977	None	enhanced_cascade_cv(banglabert->enhanced_banglabert)
891884	None	enhanced_cascade_cv(banglabert->enhanced_banglabert)
540820	None	enhanced_cascade_cv(banglabert->enhanced_banglabert)
293597	Organization	enhanced_cascade_cv(banglabert->enhanced_banglabert)
822939	None	enhanced_cascade_cv(banglabert->enhanced_banglabert)
521187	None	enhanced_cascade_cv(banglabert->enhanced_banglabert)
830291	None	enhanced_cascade_cv(banglabert->enhanced_banglabert)
361165	Community	enhanced_cascade_cv(banglabert->enhanced_banglabert)
136373	None	enhanced_cascade_cv(banglabert->enhanced_banglabert)
656537	None	enhanced_cascade_cv(banglabert->enhanced_banglabert)
660656	None	enhanced_cascade_cv(banglabert->enhanced_banglabert)
751760	None	enhanced_cascade_cv(banglabert->enhanced_banglabert)
414299	Community	enhanced_cascade_cv(banglabert->enhanced_banglabert)
682720	None	enhanced_cascade_cv(banglabert->enhanced_banglabert)
723687	Organization	enhanced_cascade_cv(banglabert->enhanced_banglabert)
527400	None	enhanced_cascade_cv(banglabert->enhanced_banglabert)
411219	None	enhanced_cascade_cv(banglabert->enhanced_banglabert)
849243	None	enhanced_cascade_cv(banglabert->enhanced_banglabert)
223449	None	enhanced_cascade_cv(banglabert->enhanced_banglabert)
152399	Organization	enhanced_cascade_cv(banglabert->enhanced_banglabert)
789131	None	enhanced_cascade_cv(banglabert->enhanced_banglabert)
187056	None	enhanced_cascade_cv(banglabert->enhanced_banglabert)
292423	Individual	enhanced_cascade_cv(banglabert->enhanced_banglabert)
555220	None	enhanced_cascade_cv(banglabert->enhanced_banglabert)
637099	None	enhanced_cascade_cv(banglabert->enhanced_banglabert)
670462	Organization	enhanced_cascade_cv(banglabert->enhanced_banglabert)
419971	None	enhanced_cascade_cv(banglabert->enhanced_banglabert)
869288	None	enhanced_cascade_cv(banglabert->enhanced_banglabert)
302421	Organization	enhanced_cascade_cv(banglabert->enhanced_banglabert)
254022	None	enhanced_cascade_cv(banglabert->enhanced_banglabert)
594398	Individual	enhanced_cascade_cv(banglabert->enhanced_banglabert)
104665	Community	enhanced_cascade_cv(banglabert->enhanced_banglabert)
919421	None	enhanced_cascade_cv(banglabert->enhanced_banglabert)
653278	Organization	enhanced_cascade_cv(banglabert->enhanced_banglabert)
770050	None	enhanced_cascade_cv(banglabert->enhanced_banglabert)
227106	Individual	enhanced_cascade_cv(banglabert->enhanced_banglabert)
102608	None	enhanced_cascade_cv(banglabert->enhanced_banglabert)
870788	None	enhanced_cascade_cv(banglabert->enhanced_banglabert)
128649	Community	enhanced_cascade_cv(banglabert->enhanced_banglabert)
896415	None	enhanced_cascade_cv(banglabert->enhanced_banglabert)
914602	None	enhanced_cascade_cv(banglabert->enhanced_banglabert)
305285	Community	enhanced_cascade_cv(banglabert->enhanced_banglabert)
328147	None	enhanced_cascade_cv(banglabert->enhanced_banglabert)
92915	None	enhanced_cascade_cv(banglabert->enhanced_banglabert)
366920	None	enhanced_cascade_cv(banglabert->enhanced_banglabert)
190315	Individual	enhanced_cascade_cv(banglabert->enhanced_banglabert)
379924	None	enhanced_cascade_cv(banglabert->enhanced_banglabert)
143947	None	enhanced_cascade_cv(banglabert->enhanced_banglabert)
926857	None	enhanced_cascade_cv(banglabert->enhanced_banglabert)
745895	None	enhanced_cascade_cv(banglabert->enhanced_banglabert)
836498	None	enhanced_cascade_cv(banglabert->enhanced_banglabert)
53080	Individual	enhanced_cascade_cv(banglabert->enhanced_banglabert)
616442	Organization	enhanced_cascade_cv(banglabert->enhanced_banglabert)
631642	Individual	enhanced_cascade_cv(banglabert->enhanced_banglabert)
916651	None	enhanced_cascade_cv(banglabert->enhanced_banglabert)
486345	Individual	enhanced_cascade_cv(banglabert->enhanced_banglabert)
745176	None	enhanced_cascade_cv(banglabert->enhanced_banglabert)
90644	Individual	enhanced_cascade_cv(banglabert->enhanced_banglabert)
298787	Community	enhanced_cascade_cv(banglabert->enhanced_banglabert)
380874	None	enhanced_cascade_cv(banglabert->enhanced_banglabert)
871451	None	enhanced_cascade_cv(banglabert->enhanced_banglabert)
752914	None	enhanced_cascade_cv(banglabert->enhanced_banglabert)
422502	Individual	enhanced_cascade_cv(banglabert->enhanced_banglabert)
280852	Individual	enhanced_cascade_cv(banglabert->enhanced_banglabert)
483679	None	enhanced_cascade_cv(banglabert->enhanced_banglabert)
283665	Individual	enhanced_cascade_cv(banglabert->enhanced_banglabert)
585560	None	enhanced_cascade_cv(banglabert->enhanced_banglabert)
156055	Community	enhanced_cascade_cv(banglabert->enhanced_banglabert)
383453	Society	enhanced_cascade_cv(banglabert->enhanced_banglabert)
586400	Individual	enhanced_cascade_cv(banglabert->enhanced_banglabert)
249699	None	enhanced_cascade_cv(banglabert->enhanced_banglabert)
851596	Organization	enhanced_cascade_cv(banglabert->enhanced_banglabert)
131562	None	enhanced_cascade_cv(banglabert->enhanced_banglabert)
764762	None	enhanced_cascade_cv(banglabert->enhanced_banglabert)
534742	Community	enhanced_cascade_cv(banglabert->enhanced_banglabert)
692230	Individual	enhanced_cascade_cv(banglabert->enhanced_banglabert)
393994	Society	enhanced_cascade_cv(banglabert->enhanced_banglabert)
701174	None	enhanced_cascade_cv(banglabert->enhanced_banglabert)
840073	Individual	enhanced_cascade_cv(banglabert->enhanced_banglabert)
74757	None	enhanced_cascade_cv(banglabert->enhanced_banglabert)
914428	None	enhanced_cascade_cv(banglabert->enhanced_banglabert)
320894	Organization	enhanced_cascade_cv(banglabert->enhanced_banglabert)
284673	None	enhanced_cascade_cv(banglabert->enhanced_banglabert)
449881	None	enhanced_cascade_cv(banglabert->enhanced_banglabert)
211343	Organization	enhanced_cascade_cv(banglabert->enhanced_banglabert)
211066	Individual	enhanced_cascade_cv(banglabert->enhanced_banglabert)
187458	Organization	enhanced_cascade_cv(banglabert->enhanced_banglabert)
570102	None	enhanced_cascade_cv(banglabert->enhanced_banglabert)
811049	None	enhanced_cascade_cv(banglabert->enhanced_banglabert)
240161	None	enhanced_cascade_cv(banglabert->enhanced_banglabert)
497310	None	enhanced_cascade_cv(banglabert->enhanced_banglabert)
215198	Individual	enhanced_cascade_cv(banglabert->enhanced_banglabert)
818057	Individual	enhanced_cascade_cv(banglabert->enhanced_banglabert)
779145	None	enhanced_cascade_cv(banglabert->enhanced_banglabert)
831841	Individual	enhanced_cascade_cv(banglabert->enhanced_banglabert)
775071	None	enhanced_cascade_cv(banglabert->enhanced_banglabert)
48809	None	enhanced_cascade_cv(banglabert->enhanced_banglabert)
11129	None	enhanced_cascade_cv(banglabert->enhanced_banglabert)
831006	Society	enhanced_cascade_cv(banglabert->enhanced_banglabert)
222405	Individual	enhanced_cascade_cv(banglabert->enhanced_banglabert)
828442	None	enhanced_cascade_cv(banglabert->enhanced_banglabert)
620497	None	enhanced_cascade_cv(banglabert->enhanced_banglabert)
655608	None	enhanced_cascade_cv(banglabert->enhanced_banglabert)
733277	Society	enhanced_cascade_cv(banglabert->enhanced_banglabert)
925704	None	enhanced_cascade_cv(banglabert->enhanced_banglabert)
249353	None	enhanced_cascade_cv(banglabert->enhanced_banglabert)
20836	None	enhanced_cascade_cv(banglabert->enhanced_banglabert)
823677	Community	enhanced_cascade_cv(banglabert->enhanced_banglabert)
641234	None	enhanced_cascade_cv(banglabert->enhanced_banglabert)
701021	None	enhanced_cascade_cv(banglabert->enhanced_banglabert)
324049	Individual	enhanced_cascade_cv(banglabert->enhanced_banglabert)
636242	None	enhanced_cascade_cv(banglabert->enhanced_banglabert)
535520	None	enhanced_cascade_cv(banglabert->enhanced_banglabert)
182095	Organization	enhanced_cascade_cv(banglabert->enhanced_banglabert)
88739	Organization	enhanced_cascade_cv(banglabert->enhanced_banglabert)
305977	None	enhanced_cascade_cv(banglabert->enhanced_banglabert)
872926	Individual	enhanced_cascade_cv(banglabert->enhanced_banglabert)
176547	Community	enhanced_cascade_cv(banglabert->enhanced_banglabert)
670585	Organization	enhanced_cascade_cv(banglabert->enhanced_banglabert)
530944	None	enhanced_cascade_cv(banglabert->enhanced_banglabert)
299351	None	enhanced_cascade_cv(banglabert->enhanced_banglabert)
149035	None	enhanced_cascade_cv(banglabert->enhanced_banglabert)
437827	None	enhanced_cascade_cv(banglabert->enhanced_banglabert)
690718	None	enhanced_cascade_cv(banglabert->enhanced_banglabert)
416597	None	enhanced_cascade_cv(banglabert->enhanced_banglabert)
105662	Individual	enhanced_cascade_cv(banglabert->enhanced_banglabert)
275891	None	enhanced_cascade_cv(banglabert->enhanced_banglabert)
295149	Organization	enhanced_cascade_cv(banglabert->enhanced_banglabert)
42415	Organization	enhanced_cascade_cv(banglabert->enhanced_banglabert)
740041	Individual	enhanced_cascade_cv(banglabert->enhanced_banglabert)
741837	None	enhanced_cascade_cv(banglabert->enhanced_banglabert)
837996	None	enhanced_cascade_cv(banglabert->enhanced_banglabert)
48741	None	enhanced_cascade_cv(banglabert->enhanced_banglabert)
4902	None	enhanced_cascade_cv(banglabert->enhanced_banglabert)
284731	None	enhanced_cascade_cv(banglabert->enhanced_banglabert)
850921	Individual	enhanced_cascade_cv(banglabert->enhanced_banglabert)
112526	None	enhanced_cascade_cv(banglabert->enhanced_banglabert)
611789	Organization	enhanced_cascade_cv(banglabert->enhanced_banglabert)
866124	None	enhanced_cascade_cv(banglabert->enhanced_banglabert)
181154	Individual	enhanced_cascade_cv(banglabert->enhanced_banglabert)
198375	Individual	enhanced_cascade_cv(banglabert->enhanced_banglabert)
81133	None	enhanced_cascade_cv(banglabert->enhanced_banglabert)
341265	Individual	enhanced_cascade_cv(banglabert->enhanced_banglabert)
674432	None	enhanced_cascade_cv(banglabert->enhanced_banglabert)
688572	None	enhanced_cascade_cv(banglabert->enhanced_banglabert)
35907	Organization	enhanced_cascade_cv(banglabert->enhanced_banglabert)
800085	Community	enhanced_cascade_cv(banglabert->enhanced_banglabert)
119217	Individual	enhanced_cascade_cv(banglabert->enhanced_banglabert)
249685	None	enhanced_cascade_cv(banglabert->enhanced_banglabert)
270683	None	enhanced_cascade_cv(banglabert->enhanced_banglabert)
28640	None	enhanced_cascade_cv(banglabert->enhanced_banglabert)
836007	Individual	enhanced_cascade_cv(banglabert->enhanced_banglabert)
78034	None	enhanced_cascade_cv(banglabert->enhanced_banglabert)
852862	None	enhanced_cascade_cv(banglabert->enhanced_banglabert)
784170	Individual	enhanced_cascade_cv(banglabert->enhanced_banglabert)
107800	Organization	enhanced_cascade_cv(banglabert->enhanced_banglabert)
805368	Organization	enhanced_cascade_cv(banglabert->enhanced_banglabert)
257847	None	enhanced_cascade_cv(banglabert->enhanced_banglabert)
633654	Organization	enhanced_cascade_cv(banglabert->enhanced_banglabert)
151092	None	enhanced_cascade_cv(banglabert->enhanced_banglabert)
180602	None	enhanced_cascade_cv(banglabert->enhanced_banglabert)
226971	None	enhanced_cascade_cv(banglabert->enhanced_banglabert)
175673	None	enhanced_cascade_cv(banglabert->enhanced_banglabert)
497577	None	enhanced_cascade_cv(banglabert->enhanced_banglabert)
195305	None	enhanced_cascade_cv(banglabert->enhanced_banglabert)
839277	None	enhanced_cascade_cv(banglabert->enhanced_banglabert)
857374	None	enhanced_cascade_cv(banglabert->enhanced_banglabert)
613198	None	enhanced_cascade_cv(banglabert->enhanced_banglabert)
419028	None	enhanced_cascade_cv(banglabert->enhanced_banglabert)
670337	None	enhanced_cascade_cv(banglabert->enhanced_banglabert)
479888	None	enhanced_cascade_cv(banglabert->enhanced_banglabert)
21072	None	enhanced_cascade_cv(banglabert->enhanced_banglabert)
122859	Organization	enhanced_cascade_cv(banglabert->enhanced_banglabert)
897180	Organization	enhanced_cascade_cv(banglabert->enhanced_banglabert)
142564	Organization	enhanced_cascade_cv(banglabert->enhanced_banglabert)
543066	None	enhanced_cascade_cv(banglabert->enhanced_banglabert)
437730	None	enhanced_cascade_cv(banglabert->enhanced_banglabert)
413800	Society	enhanced_cascade_cv(banglabert->enhanced_banglabert)
616078	None	enhanced_cascade_cv(banglabert->enhanced_banglabert)
714414	None	enhanced_cascade_cv(banglabert->enhanced_banglabert)
922905	Individual	enhanced_cascade_cv(banglabert->enhanced_banglabert)
343726	None	enhanced_cascade_cv(banglabert->enhanced_banglabert)
560139	None	enhanced_cascade_cv(banglabert->enhanced_banglabert)
45257	Community	enhanced_cascade_cv(banglabert->enhanced_banglabert)
597187	Organization	enhanced_cascade_cv(banglabert->enhanced_banglabert)
201136	Individual	enhanced_cascade_cv(banglabert->enhanced_banglabert)
803456	None	enhanced_cascade_cv(banglabert->enhanced_banglabert)
607349	Individual	enhanced_cascade_cv(banglabert->enhanced_banglabert)
796350	None	enhanced_cascade_cv(banglabert->enhanced_banglabert)
258036	None	enhanced_cascade_cv(banglabert->enhanced_banglabert)
160540	None	enhanced_cascade_cv(banglabert->enhanced_banglabert)
499777	Community	enhanced_cascade_cv(banglabert->enhanced_banglabert)
232047	None	enhanced_cascade_cv(banglabert->enhanced_banglabert)
621416	Individual	enhanced_cascade_cv(banglabert->enhanced_banglabert)
153167	None	enhanced_cascade_cv(banglabert->enhanced_banglabert)
65432	Organization	enhanced_cascade_cv(banglabert->enhanced_banglabert)
145133	Community	enhanced_cascade_cv(banglabert->enhanced_banglabert)
382318	None	enhanced_cascade_cv(banglabert->enhanced_banglabert)
595893	None	enhanced_cascade_cv(banglabert->enhanced_banglabert)
215867	None	enhanced_cascade_cv(banglabert->enhanced_banglabert)
445237	None	enhanced_cascade_cv(banglabert->enhanced_banglabert)
876336	None	enhanced_cascade_cv(banglabert->enhanced_banglabert)
553452	Organization	enhanced_cascade_cv(banglabert->enhanced_banglabert)
651412	Society	enhanced_cascade_cv(banglabert->enhanced_banglabert)
281100	None	enhanced_cascade_cv(banglabert->enhanced_banglabert)
357890	Individual	enhanced_cascade_cv(banglabert->enhanced_banglabert)
601539	None	enhanced_cascade_cv(banglabert->enhanced_banglabert)
138517	None	enhanced_cascade_cv(banglabert->enhanced_banglabert)
651601	None	enhanced_cascade_cv(banglabert->enhanced_banglabert)
284511	None	enhanced_cascade_cv(banglabert->enhanced_banglabert)
505928	Society	enhanced_cascade_cv(banglabert->enhanced_banglabert)
78827	Organization	enhanced_cascade_cv(banglabert->enhanced_banglabert)
244982	None	enhanced_cascade_cv(banglabert->enhanced_banglabert)
438896	Organization	enhanced_cascade_cv(banglabert->enhanced_banglabert)
725849	None	enhanced_cascade_cv(banglabert->enhanced_banglabert)
161928	None	enhanced_cascade_cv(banglabert->enhanced_banglabert)
163305	Society	enhanced_cascade_cv(banglabert->enhanced_banglabert)
181899	Organization	enhanced_cascade_cv(banglabert->enhanced_banglabert)
500567	None	enhanced_cascade_cv(banglabert->enhanced_banglabert)
21173	Community	enhanced_cascade_cv(banglabert->enhanced_banglabert)
796157	Community	enhanced_cascade_cv(banglabert->enhanced_banglabert)
48323	None	enhanced_cascade_cv(banglabert->enhanced_banglabert)
284646	Organization	enhanced_cascade_cv(banglabert->enhanced_banglabert)
750318	None	enhanced_cascade_cv(banglabert->enhanced_banglabert)
138857	None	enhanced_cascade_cv(banglabert->enhanced_banglabert)
37272	Organization	enhanced_cascade_cv(banglabert->enhanced_banglabert)
594647	None	enhanced_cascade_cv(banglabert->enhanced_banglabert)
312348	Society	enhanced_cascade_cv(banglabert->enhanced_banglabert)
569054	Organization	enhanced_cascade_cv(banglabert->enhanced_banglabert)
827488	Society	enhanced_cascade_cv(banglabert->enhanced_banglabert)
335990	Individual	enhanced_cascade_cv(banglabert->enhanced_banglabert)
209955	Individual	enhanced_cascade_cv(banglabert->enhanced_banglabert)
476205	None	enhanced_cascade_cv(banglabert->enhanced_banglabert)
466310	None	enhanced_cascade_cv(banglabert->enhanced_banglabert)
535877	Individual	enhanced_cascade_cv(banglabert->enhanced_banglabert)
342077	None	enhanced_cascade_cv(banglabert->enhanced_banglabert)
243679	Organization	enhanced_cascade_cv(banglabert->enhanced_banglabert)
683309	None	enhanced_cascade_cv(banglabert->enhanced_banglabert)
566265	None	enhanced_cascade_cv(banglabert->enhanced_banglabert)
240365	None	enhanced_cascade_cv(banglabert->enhanced_banglabert)
598601	Community	enhanced_cascade_cv(banglabert->enhanced_banglabert)
644014	None	enhanced_cascade_cv(banglabert->enhanced_banglabert)
591119	None	enhanced_cascade_cv(banglabert->enhanced_banglabert)
804933	None	enhanced_cascade_cv(banglabert->enhanced_banglabert)
659381	Organization	enhanced_cascade_cv(banglabert->enhanced_banglabert)
147080	None	enhanced_cascade_cv(banglabert->enhanced_banglabert)
479388	None	enhanced_cascade_cv(banglabert->enhanced_banglabert)
451506	Community	enhanced_cascade_cv(banglabert->enhanced_banglabert)
787168	None	enhanced_cascade_cv(banglabert->enhanced_banglabert)
176920	None	enhanced_cascade_cv(banglabert->enhanced_banglabert)
178612	None	enhanced_cascade_cv(banglabert->enhanced_banglabert)
372222	None	enhanced_cascade_cv(banglabert->enhanced_banglabert)
439641	Society	enhanced_cascade_cv(banglabert->enhanced_banglabert)
35114	None	enhanced_cascade_cv(banglabert->enhanced_banglabert)
150726	None	enhanced_cascade_cv(banglabert->enhanced_banglabert)
65573	Individual	enhanced_cascade_cv(banglabert->enhanced_banglabert)
233947	Organization	enhanced_cascade_cv(banglabert->enhanced_banglabert)
533781	Organization	enhanced_cascade_cv(banglabert->enhanced_banglabert)
146229	Organization	enhanced_cascade_cv(banglabert->enhanced_banglabert)
705033	None	enhanced_cascade_cv(banglabert->enhanced_banglabert)
376571	None	enhanced_cascade_cv(banglabert->enhanced_banglabert)
389616	Society	enhanced_cascade_cv(banglabert->enhanced_banglabert)
271796	Individual	enhanced_cascade_cv(banglabert->enhanced_banglabert)
593797	Organization	enhanced_cascade_cv(banglabert->enhanced_banglabert)
519084	None	enhanced_cascade_cv(banglabert->enhanced_banglabert)
773377	Society	enhanced_cascade_cv(banglabert->enhanced_banglabert)
770651	None	enhanced_cascade_cv(banglabert->enhanced_banglabert)
159343	None	enhanced_cascade_cv(banglabert->enhanced_banglabert)
640870	None	enhanced_cascade_cv(banglabert->enhanced_banglabert)
599909	Organization	enhanced_cascade_cv(banglabert->enhanced_banglabert)
150138	None	enhanced_cascade_cv(banglabert->enhanced_banglabert)
26273	Organization	enhanced_cascade_cv(banglabert->enhanced_banglabert)
874248	None	enhanced_cascade_cv(banglabert->enhanced_banglabert)
463777	Individual	enhanced_cascade_cv(banglabert->enhanced_banglabert)
289008	Organization	enhanced_cascade_cv(banglabert->enhanced_banglabert)
901146	None	enhanced_cascade_cv(banglabert->enhanced_banglabert)
213013	None	enhanced_cascade_cv(banglabert->enhanced_banglabert)
152657	None	enhanced_cascade_cv(banglabert->enhanced_banglabert)
242616	None	enhanced_cascade_cv(banglabert->enhanced_banglabert)
776664	None	enhanced_cascade_cv(banglabert->enhanced_banglabert)
161115	Individual	enhanced_cascade_cv(banglabert->enhanced_banglabert)
736990	None	enhanced_cascade_cv(banglabert->enhanced_banglabert)
651401	Organization	enhanced_cascade_cv(banglabert->enhanced_banglabert)
290727	None	enhanced_cascade_cv(banglabert->enhanced_banglabert)
47797	None	enhanced_cascade_cv(banglabert->enhanced_banglabert)
279029	None	enhanced_cascade_cv(banglabert->enhanced_banglabert)
770736	None	enhanced_cascade_cv(banglabert->enhanced_banglabert)
531501	None	enhanced_cascade_cv(banglabert->enhanced_banglabert)
38244	Organization	enhanced_cascade_cv(banglabert->enhanced_banglabert)
405336	Individual	enhanced_cascade_cv(banglabert->enhanced_banglabert)
852400	Individual	enhanced_cascade_cv(banglabert->enhanced_banglabert)
193758	None	enhanced_cascade_cv(banglabert->enhanced_banglabert)
84164	None	enhanced_cascade_cv(banglabert->enhanced_banglabert)
915451	None	enhanced_cascade_cv(banglabert->enhanced_banglabert)
137788	None	enhanced_cascade_cv(banglabert->enhanced_banglabert)
328493	None	enhanced_cascade_cv(banglabert->enhanced_banglabert)
562531	None	enhanced_cascade_cv(banglabert->enhanced_banglabert)
44017	Organization	enhanced_cascade_cv(banglabert->enhanced_banglabert)
617050	None	enhanced_cascade_cv(banglabert->enhanced_banglabert)
622934	None	enhanced_cascade_cv(banglabert->enhanced_banglabert)
116358	Individual	enhanced_cascade_cv(banglabert->enhanced_banglabert)
330406	None	enhanced_cascade_cv(banglabert->enhanced_banglabert)
566501	None	enhanced_cascade_cv(banglabert->enhanced_banglabert)
110643	Organization	enhanced_cascade_cv(banglabert->enhanced_banglabert)
289308	None	enhanced_cascade_cv(banglabert->enhanced_banglabert)
879975	Individual	enhanced_cascade_cv(banglabert->enhanced_banglabert)
542185	None	enhanced_cascade_cv(banglabert->enhanced_banglabert)
306822	None	enhanced_cascade_cv(banglabert->enhanced_banglabert)
205128	None	enhanced_cascade_cv(banglabert->enhanced_banglabert)
557613	None	enhanced_cascade_cv(banglabert->enhanced_banglabert)
33960	None	enhanced_cascade_cv(banglabert->enhanced_banglabert)
305956	None	enhanced_cascade_cv(banglabert->enhanced_banglabert)
36129	None	enhanced_cascade_cv(banglabert->enhanced_banglabert)
423401	Individual	enhanced_cascade_cv(banglabert->enhanced_banglabert)
745486	None	enhanced_cascade_cv(banglabert->enhanced_banglabert)
697662	None	enhanced_cascade_cv(banglabert->enhanced_banglabert)
736523	Society	enhanced_cascade_cv(banglabert->enhanced_banglabert)
864592	None	enhanced_cascade_cv(banglabert->enhanced_banglabert)
14248	Community	enhanced_cascade_cv(banglabert->enhanced_banglabert)
570977	None	enhanced_cascade_cv(banglabert->enhanced_banglabert)
100665	Individual	enhanced_cascade_cv(banglabert->enhanced_banglabert)
782899	None	enhanced_cascade_cv(banglabert->enhanced_banglabert)
170864	Organization	enhanced_cascade_cv(banglabert->enhanced_banglabert)
293484	Community	enhanced_cascade_cv(banglabert->enhanced_banglabert)
720414	None	enhanced_cascade_cv(banglabert->enhanced_banglabert)
532068	None	enhanced_cascade_cv(banglabert->enhanced_banglabert)
208020	Individual	enhanced_cascade_cv(banglabert->enhanced_banglabert)
813036	Community	enhanced_cascade_cv(banglabert->enhanced_banglabert)
22784	None	enhanced_cascade_cv(banglabert->enhanced_banglabert)
785689	None	enhanced_cascade_cv(banglabert->enhanced_banglabert)
709275	None	enhanced_cascade_cv(banglabert->enhanced_banglabert)
490487	None	enhanced_cascade_cv(banglabert->enhanced_banglabert)
498361	None	enhanced_cascade_cv(banglabert->enhanced_banglabert)
679257	None	enhanced_cascade_cv(banglabert->enhanced_banglabert)
246971	Individual	enhanced_cascade_cv(banglabert->enhanced_banglabert)
557585	Organization	enhanced_cascade_cv(banglabert->enhanced_banglabert)
176539	None	enhanced_cascade_cv(banglabert->enhanced_banglabert)
145194	None	enhanced_cascade_cv(banglabert->enhanced_banglabert)
330604	None	enhanced_cascade_cv(banglabert->enhanced_banglabert)
188125	None	enhanced_cascade_cv(banglabert->enhanced_banglabert)
405923	Society	enhanced_cascade_cv(banglabert->enhanced_banglabert)
775117	Society	enhanced_cascade_cv(banglabert->enhanced_banglabert)
555246	Organization	enhanced_cascade_cv(banglabert->enhanced_banglabert)
70993	None	enhanced_cascade_cv(banglabert->enhanced_banglabert)
931920	None	enhanced_cascade_cv(banglabert->enhanced_banglabert)
641878	None	enhanced_cascade_cv(banglabert->enhanced_banglabert)
849912	Organization	enhanced_cascade_cv(banglabert->enhanced_banglabert)
417439	None	enhanced_cascade_cv(banglabert->enhanced_banglabert)
493019	None	enhanced_cascade_cv(banglabert->enhanced_banglabert)
184464	None	enhanced_cascade_cv(banglabert->enhanced_banglabert)
927367	None	enhanced_cascade_cv(banglabert->enhanced_banglabert)
802999	None	enhanced_cascade_cv(banglabert->enhanced_banglabert)
3103	None	enhanced_cascade_cv(banglabert->enhanced_banglabert)
43369	Community	enhanced_cascade_cv(banglabert->enhanced_banglabert)
412848	None	enhanced_cascade_cv(banglabert->enhanced_banglabert)
614399	None	enhanced_cascade_cv(banglabert->enhanced_banglabert)
710201	None	enhanced_cascade_cv(banglabert->enhanced_banglabert)
638235	None	enhanced_cascade_cv(banglabert->enhanced_banglabert)
308704	Individual	enhanced_cascade_cv(banglabert->enhanced_banglabert)
903432	None	enhanced_cascade_cv(banglabert->enhanced_banglabert)
352935	Organization	enhanced_cascade_cv(banglabert->enhanced_banglabert)
638287	Individual	enhanced_cascade_cv(banglabert->enhanced_banglabert)
497729	None	enhanced_cascade_cv(banglabert->enhanced_banglabert)
518760	None	enhanced_cascade_cv(banglabert->enhanced_banglabert)
82591	Organization	enhanced_cascade_cv(banglabert->enhanced_banglabert)
384921	Society	enhanced_cascade_cv(banglabert->enhanced_banglabert)
522715	None	enhanced_cascade_cv(banglabert->enhanced_banglabert)
917980	None	enhanced_cascade_cv(banglabert->enhanced_banglabert)
82355	Community	enhanced_cascade_cv(banglabert->enhanced_banglabert)
348543	Individual	enhanced_cascade_cv(banglabert->enhanced_banglabert)
111501	None	enhanced_cascade_cv(banglabert->enhanced_banglabert)
12088	None	enhanced_cascade_cv(banglabert->enhanced_banglabert)
933272	None	enhanced_cascade_cv(banglabert->enhanced_banglabert)
373238	None	enhanced_cascade_cv(banglabert->enhanced_banglabert)
114234	None	enhanced_cascade_cv(banglabert->enhanced_banglabert)
848789	None	enhanced_cascade_cv(banglabert->enhanced_banglabert)
3760	Community	enhanced_cascade_cv(banglabert->enhanced_banglabert)
669474	None	enhanced_cascade_cv(banglabert->enhanced_banglabert)
20733	Organization	enhanced_cascade_cv(banglabert->enhanced_banglabert)
444708	None	enhanced_cascade_cv(banglabert->enhanced_banglabert)
49076	None	enhanced_cascade_cv(banglabert->enhanced_banglabert)
676880	Organization	enhanced_cascade_cv(banglabert->enhanced_banglabert)
445208	None	enhanced_cascade_cv(banglabert->enhanced_banglabert)
906471	None	enhanced_cascade_cv(banglabert->enhanced_banglabert)
860896	None	enhanced_cascade_cv(banglabert->enhanced_banglabert)
486844	Community	enhanced_cascade_cv(banglabert->enhanced_banglabert)
506262	None	enhanced_cascade_cv(banglabert->enhanced_banglabert)
101865	None	enhanced_cascade_cv(banglabert->enhanced_banglabert)
844938	Individual	enhanced_cascade_cv(banglabert->enhanced_banglabert)
881990	Individual	enhanced_cascade_cv(banglabert->enhanced_banglabert)
278023	Organization	enhanced_cascade_cv(banglabert->enhanced_banglabert)
122916	None	enhanced_cascade_cv(banglabert->enhanced_banglabert)
352730	None	enhanced_cascade_cv(banglabert->enhanced_banglabert)
767956	Individual	enhanced_cascade_cv(banglabert->enhanced_banglabert)
854486	Individual	enhanced_cascade_cv(banglabert->enhanced_banglabert)
871497	None	enhanced_cascade_cv(banglabert->enhanced_banglabert)
126481	None	enhanced_cascade_cv(banglabert->enhanced_banglabert)
890826	Individual	enhanced_cascade_cv(banglabert->enhanced_banglabert)
632138	None	enhanced_cascade_cv(banglabert->enhanced_banglabert)
318516	None	enhanced_cascade_cv(banglabert->enhanced_banglabert)
688786	None	enhanced_cascade_cv(banglabert->enhanced_banglabert)
116129	Organization	enhanced_cascade_cv(banglabert->enhanced_banglabert)
899900	None	enhanced_cascade_cv(banglabert->enhanced_banglabert)
788699	Society	enhanced_cascade_cv(banglabert->enhanced_banglabert)
296455	None	enhanced_cascade_cv(banglabert->enhanced_banglabert)
451591	None	enhanced_cascade_cv(banglabert->enhanced_banglabert)
760942	Community	enhanced_cascade_cv(banglabert->enhanced_banglabert)
724050	Organization	enhanced_cascade_cv(banglabert->enhanced_banglabert)
398661	None	enhanced_cascade_cv(banglabert->enhanced_banglabert)
120016	Organization	enhanced_cascade_cv(banglabert->enhanced_banglabert)
599547	None	enhanced_cascade_cv(banglabert->enhanced_banglabert)
634693	Individual	enhanced_cascade_cv(banglabert->enhanced_banglabert)
724233	None	enhanced_cascade_cv(banglabert->enhanced_banglabert)
826410	None	enhanced_cascade_cv(banglabert->enhanced_banglabert)
515594	Individual	enhanced_cascade_cv(banglabert->enhanced_banglabert)
168263	None	enhanced_cascade_cv(banglabert->enhanced_banglabert)
769892	None	enhanced_cascade_cv(banglabert->enhanced_banglabert)
75672	None	enhanced_cascade_cv(banglabert->enhanced_banglabert)
33745	None	enhanced_cascade_cv(banglabert->enhanced_banglabert)
868454	None	enhanced_cascade_cv(banglabert->enhanced_banglabert)
3967	None	enhanced_cascade_cv(banglabert->enhanced_banglabert)
157195	None	enhanced_cascade_cv(banglabert->enhanced_banglabert)
293994	Organization	enhanced_cascade_cv(banglabert->enhanced_banglabert)
411675	None	enhanced_cascade_cv(banglabert->enhanced_banglabert)
64537	None	enhanced_cascade_cv(banglabert->enhanced_banglabert)
320170	Community	enhanced_cascade_cv(banglabert->enhanced_banglabert)
23504	None	enhanced_cascade_cv(banglabert->enhanced_banglabert)
316087	None	enhanced_cascade_cv(banglabert->enhanced_banglabert)
590418	None	enhanced_cascade_cv(banglabert->enhanced_banglabert)
328170	None	enhanced_cascade_cv(banglabert->enhanced_banglabert)
496236	Community	enhanced_cascade_cv(banglabert->enhanced_banglabert)
360555	Society	enhanced_cascade_cv(banglabert->enhanced_banglabert)
122058	Community	enhanced_cascade_cv(banglabert->enhanced_banglabert)
708217	None	enhanced_cascade_cv(banglabert->enhanced_banglabert)
118258	None	enhanced_cascade_cv(banglabert->enhanced_banglabert)
679838	None	enhanced_cascade_cv(banglabert->enhanced_banglabert)
901615	None	enhanced_cascade_cv(banglabert->enhanced_banglabert)
777950	None	enhanced_cascade_cv(banglabert->enhanced_banglabert)
715870	None	enhanced_cascade_cv(banglabert->enhanced_banglabert)
177854	None	enhanced_cascade_cv(banglabert->enhanced_banglabert)
218236	None	enhanced_cascade_cv(banglabert->enhanced_banglabert)
108316	Individual	enhanced_cascade_cv(banglabert->enhanced_banglabert)
578274	None	enhanced_cascade_cv(banglabert->enhanced_banglabert)
47811	None	enhanced_cascade_cv(banglabert->enhanced_banglabert)
675670	Organization	enhanced_cascade_cv(banglabert->enhanced_banglabert)
179910	None	enhanced_cascade_cv(banglabert->enhanced_banglabert)
312199	None	enhanced_cascade_cv(banglabert->enhanced_banglabert)
549078	Organization	enhanced_cascade_cv(banglabert->enhanced_banglabert)
257567	Individual	enhanced_cascade_cv(banglabert->enhanced_banglabert)
679831	None	enhanced_cascade_cv(banglabert->enhanced_banglabert)
477164	None	enhanced_cascade_cv(banglabert->enhanced_banglabert)
593762	Organization	enhanced_cascade_cv(banglabert->enhanced_banglabert)
213054	None	enhanced_cascade_cv(banglabert->enhanced_banglabert)
211727	None	enhanced_cascade_cv(banglabert->enhanced_banglabert)
666323	None	enhanced_cascade_cv(banglabert->enhanced_banglabert)
146545	None	enhanced_cascade_cv(banglabert->enhanced_banglabert)
715097	None	enhanced_cascade_cv(banglabert->enhanced_banglabert)
711031	None	enhanced_cascade_cv(banglabert->enhanced_banglabert)
49710	None	enhanced_cascade_cv(banglabert->enhanced_banglabert)
240364	Organization	enhanced_cascade_cv(banglabert->enhanced_banglabert)
305397	Individual	enhanced_cascade_cv(banglabert->enhanced_banglabert)
78333	None	enhanced_cascade_cv(banglabert->enhanced_banglabert)
361266	Community	enhanced_cascade_cv(banglabert->enhanced_banglabert)
150222	Individual	enhanced_cascade_cv(banglabert->enhanced_banglabert)
864119	None	enhanced_cascade_cv(banglabert->enhanced_banglabert)
312650	None	enhanced_cascade_cv(banglabert->enhanced_banglabert)
773588	None	enhanced_cascade_cv(banglabert->enhanced_banglabert)
51425	None	enhanced_cascade_cv(banglabert->enhanced_banglabert)
273281	Organization	enhanced_cascade_cv(banglabert->enhanced_banglabert)
183655	Organization	enhanced_cascade_cv(banglabert->enhanced_banglabert)
439	None	enhanced_cascade_cv(banglabert->enhanced_banglabert)
882785	None	enhanced_cascade_cv(banglabert->enhanced_banglabert)
366438	None	enhanced_cascade_cv(banglabert->enhanced_banglabert)
504796	None	enhanced_cascade_cv(banglabert->enhanced_banglabert)
359280	Organization	enhanced_cascade_cv(banglabert->enhanced_banglabert)
5858	None	enhanced_cascade_cv(banglabert->enhanced_banglabert)
459553	None	enhanced_cascade_cv(banglabert->enhanced_banglabert)
787410	None	enhanced_cascade_cv(banglabert->enhanced_banglabert)
715215	None	enhanced_cascade_cv(banglabert->enhanced_banglabert)
89049	Organization	enhanced_cascade_cv(banglabert->enhanced_banglabert)
113434	None	enhanced_cascade_cv(banglabert->enhanced_banglabert)
832930	Organization	enhanced_cascade_cv(banglabert->enhanced_banglabert)
265017	Individual	enhanced_cascade_cv(banglabert->enhanced_banglabert)
133763	None	enhanced_cascade_cv(banglabert->enhanced_banglabert)
902517	None	enhanced_cascade_cv(banglabert->enhanced_banglabert)
503876	Individual	enhanced_cascade_cv(banglabert->enhanced_banglabert)
544939	None	enhanced_cascade_cv(banglabert->enhanced_banglabert)
836904	Organization	enhanced_cascade_cv(banglabert->enhanced_banglabert)
813854	None	enhanced_cascade_cv(banglabert->enhanced_banglabert)
55581	None	enhanced_cascade_cv(banglabert->enhanced_banglabert)
578353	None	enhanced_cascade_cv(banglabert->enhanced_banglabert)
525677	Individual	enhanced_cascade_cv(banglabert->enhanced_banglabert)
131446	None	enhanced_cascade_cv(banglabert->enhanced_banglabert)
46790	Individual	enhanced_cascade_cv(banglabert->enhanced_banglabert)
779248	None	enhanced_cascade_cv(banglabert->enhanced_banglabert)
719937	None	enhanced_cascade_cv(banglabert->enhanced_banglabert)
632555	None	enhanced_cascade_cv(banglabert->enhanced_banglabert)
358473	None	enhanced_cascade_cv(banglabert->enhanced_banglabert)
901351	None	enhanced_cascade_cv(banglabert->enhanced_banglabert)
83572	None	enhanced_cascade_cv(banglabert->enhanced_banglabert)
96264	None	enhanced_cascade_cv(banglabert->enhanced_banglabert)
939207	None	enhanced_cascade_cv(banglabert->enhanced_banglabert)
31380	Community	enhanced_cascade_cv(banglabert->enhanced_banglabert)
729106	None	enhanced_cascade_cv(banglabert->enhanced_banglabert)
886675	None	enhanced_cascade_cv(banglabert->enhanced_banglabert)
64394	Individual	enhanced_cascade_cv(banglabert->enhanced_banglabert)
612210	Organization	enhanced_cascade_cv(banglabert->enhanced_banglabert)
288375	None	enhanced_cascade_cv(banglabert->enhanced_banglabert)
386429	Organization	enhanced_cascade_cv(banglabert->enhanced_banglabert)
192002	None	enhanced_cascade_cv(banglabert->enhanced_banglabert)
926546	None	enhanced_cascade_cv(banglabert->enhanced_banglabert)
854708	None	enhanced_cascade_cv(banglabert->enhanced_banglabert)
271791	Community	enhanced_cascade_cv(banglabert->enhanced_banglabert)
331591	None	enhanced_cascade_cv(banglabert->enhanced_banglabert)
447777	None	enhanced_cascade_cv(banglabert->enhanced_banglabert)
338669	Individual	enhanced_cascade_cv(banglabert->enhanced_banglabert)
2149	None	enhanced_cascade_cv(banglabert->enhanced_banglabert)
297342	None	enhanced_cascade_cv(banglabert->enhanced_banglabert)
909454	None	enhanced_cascade_cv(banglabert->enhanced_banglabert)
56002	Individual	enhanced_cascade_cv(banglabert->enhanced_banglabert)
34769	Individual	enhanced_cascade_cv(banglabert->enhanced_banglabert)
453661	None	enhanced_cascade_cv(banglabert->enhanced_banglabert)
774691	Community	enhanced_cascade_cv(banglabert->enhanced_banglabert)
198151	Organization	enhanced_cascade_cv(banglabert->enhanced_banglabert)
55224	None	enhanced_cascade_cv(banglabert->enhanced_banglabert)
931876	Individual	enhanced_cascade_cv(banglabert->enhanced_banglabert)
792908	None	enhanced_cascade_cv(banglabert->enhanced_banglabert)
474834	None	enhanced_cascade_cv(banglabert->enhanced_banglabert)
407389	None	enhanced_cascade_cv(banglabert->enhanced_banglabert)
431238	None	enhanced_cascade_cv(banglabert->enhanced_banglabert)
764516	Society	enhanced_cascade_cv(banglabert->enhanced_banglabert)
110919	Individual	enhanced_cascade_cv(banglabert->enhanced_banglabert)
391676	None	enhanced_cascade_cv(banglabert->enhanced_banglabert)
208141	Organization	enhanced_cascade_cv(banglabert->enhanced_banglabert)
794813	None	enhanced_cascade_cv(banglabert->enhanced_banglabert)
151831	Organization	enhanced_cascade_cv(banglabert->enhanced_banglabert)
873001	Individual	enhanced_cascade_cv(banglabert->enhanced_banglabert)
836702	Individual	enhanced_cascade_cv(banglabert->enhanced_banglabert)
111599	Individual	enhanced_cascade_cv(banglabert->enhanced_banglabert)
870902	None	enhanced_cascade_cv(banglabert->enhanced_banglabert)
531013	None	enhanced_cascade_cv(banglabert->enhanced_banglabert)
784411	Community	enhanced_cascade_cv(banglabert->enhanced_banglabert)
585501	None	enhanced_cascade_cv(banglabert->enhanced_banglabert)
501901	None	enhanced_cascade_cv(banglabert->enhanced_banglabert)
397414	None	enhanced_cascade_cv(banglabert->enhanced_banglabert)
150025	None	enhanced_cascade_cv(banglabert->enhanced_banglabert)
507744	None	enhanced_cascade_cv(banglabert->enhanced_banglabert)
792747	Individual	enhanced_cascade_cv(banglabert->enhanced_banglabert)
414262	Organization	enhanced_cascade_cv(banglabert->enhanced_banglabert)
671823	None	enhanced_cascade_cv(banglabert->enhanced_banglabert)
923463	Society	enhanced_cascade_cv(banglabert->enhanced_banglabert)
294565	Organization	enhanced_cascade_cv(banglabert->enhanced_banglabert)
673728	None	enhanced_cascade_cv(banglabert->enhanced_banglabert)
535587	None	enhanced_cascade_cv(banglabert->enhanced_banglabert)
194396	None	enhanced_cascade_cv(banglabert->enhanced_banglabert)
721828	None	enhanced_cascade_cv(banglabert->enhanced_banglabert)
731485	None	enhanced_cascade_cv(banglabert->enhanced_banglabert)
770794	None	enhanced_cascade_cv(banglabert->enhanced_banglabert)
767555	Society	enhanced_cascade_cv(banglabert->enhanced_banglabert)
491824	None	enhanced_cascade_cv(banglabert->enhanced_banglabert)
202897	Community	enhanced_cascade_cv(banglabert->enhanced_banglabert)
261571	Individual	enhanced_cascade_cv(banglabert->enhanced_banglabert)
911469	None	enhanced_cascade_cv(banglabert->enhanced_banglabert)
238897	None	enhanced_cascade_cv(banglabert->enhanced_banglabert)
86026	Individual	enhanced_cascade_cv(banglabert->enhanced_banglabert)
225786	None	enhanced_cascade_cv(banglabert->enhanced_banglabert)
725284	None	enhanced_cascade_cv(banglabert->enhanced_banglabert)
392169	None	enhanced_cascade_cv(banglabert->enhanced_banglabert)
84409	None	enhanced_cascade_cv(banglabert->enhanced_banglabert)
542426	None	enhanced_cascade_cv(banglabert->enhanced_banglabert)
26137	Community	enhanced_cascade_cv(banglabert->enhanced_banglabert)
75458	None	enhanced_cascade_cv(banglabert->enhanced_banglabert)
40568	Organization	enhanced_cascade_cv(banglabert->enhanced_banglabert)
502253	None	enhanced_cascade_cv(banglabert->enhanced_banglabert)
862429	None	enhanced_cascade_cv(banglabert->enhanced_banglabert)
470163	None	enhanced_cascade_cv(banglabert->enhanced_banglabert)
681111	None	enhanced_cascade_cv(banglabert->enhanced_banglabert)
160220	None	enhanced_cascade_cv(banglabert->enhanced_banglabert)
403366	None	enhanced_cascade_cv(banglabert->enhanced_banglabert)
46718	Individual	enhanced_cascade_cv(banglabert->enhanced_banglabert)
840204	None	enhanced_cascade_cv(banglabert->enhanced_banglabert)
363289	None	enhanced_cascade_cv(banglabert->enhanced_banglabert)
624892	Individual	enhanced_cascade_cv(banglabert->enhanced_banglabert)
679885	Community	enhanced_cascade_cv(banglabert->enhanced_banglabert)
657428	Community	enhanced_cascade_cv(banglabert->enhanced_banglabert)
224188	None	enhanced_cascade_cv(banglabert->enhanced_banglabert)
137785	None	enhanced_cascade_cv(banglabert->enhanced_banglabert)
653626	None	enhanced_cascade_cv(banglabert->enhanced_banglabert)
18598	None	enhanced_cascade_cv(banglabert->enhanced_banglabert)
551904	None	enhanced_cascade_cv(banglabert->enhanced_banglabert)
126638	None	enhanced_cascade_cv(banglabert->enhanced_banglabert)
478091	None	enhanced_cascade_cv(banglabert->enhanced_banglabert)
47646	Community	enhanced_cascade_cv(banglabert->enhanced_banglabert)
800978	None	enhanced_cascade_cv(banglabert->enhanced_banglabert)
232463	Individual	enhanced_cascade_cv(banglabert->enhanced_banglabert)
169479	None	enhanced_cascade_cv(banglabert->enhanced_banglabert)
639731	None	enhanced_cascade_cv(banglabert->enhanced_banglabert)
35766	None	enhanced_cascade_cv(banglabert->enhanced_banglabert)
609583	None	enhanced_cascade_cv(banglabert->enhanced_banglabert)
592874	None	enhanced_cascade_cv(banglabert->enhanced_banglabert)
340406	Individual	enhanced_cascade_cv(banglabert->enhanced_banglabert)
651642	Community	enhanced_cascade_cv(banglabert->enhanced_banglabert)
734734	None	enhanced_cascade_cv(banglabert->enhanced_banglabert)
43421	None	enhanced_cascade_cv(banglabert->enhanced_banglabert)
432021	None	enhanced_cascade_cv(banglabert->enhanced_banglabert)
842480	None	enhanced_cascade_cv(banglabert->enhanced_banglabert)
70441	Individual	enhanced_cascade_cv(banglabert->enhanced_banglabert)
609750	None	enhanced_cascade_cv(banglabert->enhanced_banglabert)
686038	None	enhanced_cascade_cv(banglabert->enhanced_banglabert)
376221	None	enhanced_cascade_cv(banglabert->enhanced_banglabert)
857440	Organization	enhanced_cascade_cv(banglabert->enhanced_banglabert)
494978	None	enhanced_cascade_cv(banglabert->enhanced_banglabert)
36416	Community	enhanced_cascade_cv(banglabert->enhanced_banglabert)
854771	None	enhanced_cascade_cv(banglabert->enhanced_banglabert)
203677	Community	enhanced_cascade_cv(banglabert->enhanced_banglabert)
437375	None	enhanced_cascade_cv(banglabert->enhanced_banglabert)
408570	None	enhanced_cascade_cv(banglabert->enhanced_banglabert)
340759	None	enhanced_cascade_cv(banglabert->enhanced_banglabert)
562988	None	enhanced_cascade_cv(banglabert->enhanced_banglabert)
193153	None	enhanced_cascade_cv(banglabert->enhanced_banglabert)
57482	None	enhanced_cascade_cv(banglabert->enhanced_banglabert)
157121	None	enhanced_cascade_cv(banglabert->enhanced_banglabert)
277919	None	enhanced_cascade_cv(banglabert->enhanced_banglabert)
539314	None	enhanced_cascade_cv(banglabert->enhanced_banglabert)
243618	None	enhanced_cascade_cv(banglabert->enhanced_banglabert)
228710	Organization	enhanced_cascade_cv(banglabert->enhanced_banglabert)
411157	None	enhanced_cascade_cv(banglabert->enhanced_banglabert)
612537	Individual	enhanced_cascade_cv(banglabert->enhanced_banglabert)
580935	None	enhanced_cascade_cv(banglabert->enhanced_banglabert)
831407	None	enhanced_cascade_cv(banglabert->enhanced_banglabert)
96989	Individual	enhanced_cascade_cv(banglabert->enhanced_banglabert)
3554	Organization	enhanced_cascade_cv(banglabert->enhanced_banglabert)
792222	None	enhanced_cascade_cv(banglabert->enhanced_banglabert)
534852	None	enhanced_cascade_cv(banglabert->enhanced_banglabert)
911545	Organization	enhanced_cascade_cv(banglabert->enhanced_banglabert)
823075	Society	enhanced_cascade_cv(banglabert->enhanced_banglabert)
768517	None	enhanced_cascade_cv(banglabert->enhanced_banglabert)
374135	Society	enhanced_cascade_cv(banglabert->enhanced_banglabert)
476043	None	enhanced_cascade_cv(banglabert->enhanced_banglabert)
56291	Organization	enhanced_cascade_cv(banglabert->enhanced_banglabert)
903493	None	enhanced_cascade_cv(banglabert->enhanced_banglabert)
747274	Individual	enhanced_cascade_cv(banglabert->enhanced_banglabert)
694836	None	enhanced_cascade_cv(banglabert->enhanced_banglabert)
679925	None	enhanced_cascade_cv(banglabert->enhanced_banglabert)
1982	Organization	enhanced_cascade_cv(banglabert->enhanced_banglabert)
503007	Organization	enhanced_cascade_cv(banglabert->enhanced_banglabert)
255187	Individual	enhanced_cascade_cv(banglabert->enhanced_banglabert)
249588	Community	enhanced_cascade_cv(banglabert->enhanced_banglabert)
415311	None	enhanced_cascade_cv(banglabert->enhanced_banglabert)
320003	Community	enhanced_cascade_cv(banglabert->enhanced_banglabert)
618553	None	enhanced_cascade_cv(banglabert->enhanced_banglabert)
758977	None	enhanced_cascade_cv(banglabert->enhanced_banglabert)
304568	None	enhanced_cascade_cv(banglabert->enhanced_banglabert)
280096	Society	enhanced_cascade_cv(banglabert->enhanced_banglabert)
696471	None	enhanced_cascade_cv(banglabert->enhanced_banglabert)
812370	None	enhanced_cascade_cv(banglabert->enhanced_banglabert)
421480	None	enhanced_cascade_cv(banglabert->enhanced_banglabert)
883522	None	enhanced_cascade_cv(banglabert->enhanced_banglabert)
485136	None	enhanced_cascade_cv(banglabert->enhanced_banglabert)
784999	Society	enhanced_cascade_cv(banglabert->enhanced_banglabert)
551254	Organization	enhanced_cascade_cv(banglabert->enhanced_banglabert)
618109	None	enhanced_cascade_cv(banglabert->enhanced_banglabert)
875499	None	enhanced_cascade_cv(banglabert->enhanced_banglabert)
120211	None	enhanced_cascade_cv(banglabert->enhanced_banglabert)
528063	None	enhanced_cascade_cv(banglabert->enhanced_banglabert)
161404	Community	enhanced_cascade_cv(banglabert->enhanced_banglabert)
764036	Community	enhanced_cascade_cv(banglabert->enhanced_banglabert)
281089	None	enhanced_cascade_cv(banglabert->enhanced_banglabert)
600714	None	enhanced_cascade_cv(banglabert->enhanced_banglabert)
451399	None	enhanced_cascade_cv(banglabert->enhanced_banglabert)
379194	None	enhanced_cascade_cv(banglabert->enhanced_banglabert)
753787	None	enhanced_cascade_cv(banglabert->enhanced_banglabert)
416385	None	enhanced_cascade_cv(banglabert->enhanced_banglabert)
255334	None	enhanced_cascade_cv(banglabert->enhanced_banglabert)
82765	Individual	enhanced_cascade_cv(banglabert->enhanced_banglabert)
628468	None	enhanced_cascade_cv(banglabert->enhanced_banglabert)
354900	None	enhanced_cascade_cv(banglabert->enhanced_banglabert)
736725	None	enhanced_cascade_cv(banglabert->enhanced_banglabert)
643008	None	enhanced_cascade_cv(banglabert->enhanced_banglabert)
446986	None	enhanced_cascade_cv(banglabert->enhanced_banglabert)
220425	None	enhanced_cascade_cv(banglabert->enhanced_banglabert)
572456	None	enhanced_cascade_cv(banglabert->enhanced_banglabert)
892704	None	enhanced_cascade_cv(banglabert->enhanced_banglabert)
566462	None	enhanced_cascade_cv(banglabert->enhanced_banglabert)
332521	Individual	enhanced_cascade_cv(banglabert->enhanced_banglabert)
724588	Society	enhanced_cascade_cv(banglabert->enhanced_banglabert)
753094	None	enhanced_cascade_cv(banglabert->enhanced_banglabert)
541587	None	enhanced_cascade_cv(banglabert->enhanced_banglabert)
851461	None	enhanced_cascade_cv(banglabert->enhanced_banglabert)
618019	None	enhanced_cascade_cv(banglabert->enhanced_banglabert)
842551	None	enhanced_cascade_cv(banglabert->enhanced_banglabert)
366187	None	enhanced_cascade_cv(banglabert->enhanced_banglabert)
298894	None	enhanced_cascade_cv(banglabert->enhanced_banglabert)
275357	Individual	enhanced_cascade_cv(banglabert->enhanced_banglabert)
665733	Community	enhanced_cascade_cv(banglabert->enhanced_banglabert)
692407	None	enhanced_cascade_cv(banglabert->enhanced_banglabert)
362769	None	enhanced_cascade_cv(banglabert->enhanced_banglabert)
155067	None	enhanced_cascade_cv(banglabert->enhanced_banglabert)
835382	None	enhanced_cascade_cv(banglabert->enhanced_banglabert)
914759	None	enhanced_cascade_cv(banglabert->enhanced_banglabert)
76121	Individual	enhanced_cascade_cv(banglabert->enhanced_banglabert)
533852	None	enhanced_cascade_cv(banglabert->enhanced_banglabert)
373668	None	enhanced_cascade_cv(banglabert->enhanced_banglabert)
202890	Organization	enhanced_cascade_cv(banglabert->enhanced_banglabert)
422680	None	enhanced_cascade_cv(banglabert->enhanced_banglabert)
415844	Organization	enhanced_cascade_cv(banglabert->enhanced_banglabert)
358185	None	enhanced_cascade_cv(banglabert->enhanced_banglabert)
251422	Organization	enhanced_cascade_cv(banglabert->enhanced_banglabert)
256857	None	enhanced_cascade_cv(banglabert->enhanced_banglabert)
306455	Organization	enhanced_cascade_cv(banglabert->enhanced_banglabert)
187816	Individual	enhanced_cascade_cv(banglabert->enhanced_banglabert)
153836	None	enhanced_cascade_cv(banglabert->enhanced_banglabert)
708977	None	enhanced_cascade_cv(banglabert->enhanced_banglabert)
830238	Individual	enhanced_cascade_cv(banglabert->enhanced_banglabert)
250333	Organization	enhanced_cascade_cv(banglabert->enhanced_banglabert)
451146	Individual	enhanced_cascade_cv(banglabert->enhanced_banglabert)
237607	Organization	enhanced_cascade_cv(banglabert->enhanced_banglabert)
185611	None	enhanced_cascade_cv(banglabert->enhanced_banglabert)
928404	None	enhanced_cascade_cv(banglabert->enhanced_banglabert)
475577	Society	enhanced_cascade_cv(banglabert->enhanced_banglabert)
521310	None	enhanced_cascade_cv(banglabert->enhanced_banglabert)
786880	Individual	enhanced_cascade_cv(banglabert->enhanced_banglabert)
581331	None	enhanced_cascade_cv(banglabert->enhanced_banglabert)
547521	Organization	enhanced_cascade_cv(banglabert->enhanced_banglabert)
791659	Organization	enhanced_cascade_cv(banglabert->enhanced_banglabert)
95745	Individual	enhanced_cascade_cv(banglabert->enhanced_banglabert)
480239	None	enhanced_cascade_cv(banglabert->enhanced_banglabert)
489668	None	enhanced_cascade_cv(banglabert->enhanced_banglabert)
880609	None	enhanced_cascade_cv(banglabert->enhanced_banglabert)
77441	Organization	enhanced_cascade_cv(banglabert->enhanced_banglabert)
647950	None	enhanced_cascade_cv(banglabert->enhanced_banglabert)
350219	None	enhanced_cascade_cv(banglabert->enhanced_banglabert)
487784	Community	enhanced_cascade_cv(banglabert->enhanced_banglabert)
925553	None	enhanced_cascade_cv(banglabert->enhanced_banglabert)
463309	None	enhanced_cascade_cv(banglabert->enhanced_banglabert)
661376	None	enhanced_cascade_cv(banglabert->enhanced_banglabert)
153309	None	enhanced_cascade_cv(banglabert->enhanced_banglabert)
658737	None	enhanced_cascade_cv(banglabert->enhanced_banglabert)
261997	Organization	enhanced_cascade_cv(banglabert->enhanced_banglabert)
577561	Community	enhanced_cascade_cv(banglabert->enhanced_banglabert)
258444	None	enhanced_cascade_cv(banglabert->enhanced_banglabert)
62865	Individual	enhanced_cascade_cv(banglabert->enhanced_banglabert)
701687	None	enhanced_cascade_cv(banglabert->enhanced_banglabert)
620417	Organization	enhanced_cascade_cv(banglabert->enhanced_banglabert)
108161	None	enhanced_cascade_cv(banglabert->enhanced_banglabert)
591215	None	enhanced_cascade_cv(banglabert->enhanced_banglabert)
509928	None	enhanced_cascade_cv(banglabert->enhanced_banglabert)
518621	None	enhanced_cascade_cv(banglabert->enhanced_banglabert)
8790	None	enhanced_cascade_cv(banglabert->enhanced_banglabert)
594124	None	enhanced_cascade_cv(banglabert->enhanced_banglabert)
463420	None	enhanced_cascade_cv(banglabert->enhanced_banglabert)
20565	None	enhanced_cascade_cv(banglabert->enhanced_banglabert)
928840	Individual	enhanced_cascade_cv(banglabert->enhanced_banglabert)
880456	None	enhanced_cascade_cv(banglabert->enhanced_banglabert)
796064	None	enhanced_cascade_cv(banglabert->enhanced_banglabert)
937684	Individual	enhanced_cascade_cv(banglabert->enhanced_banglabert)
258606	None	enhanced_cascade_cv(banglabert->enhanced_banglabert)
40587	None	enhanced_cascade_cv(banglabert->enhanced_banglabert)
109238	Organization	enhanced_cascade_cv(banglabert->enhanced_banglabert)
352039	None	enhanced_cascade_cv(banglabert->enhanced_banglabert)
775267	None	enhanced_cascade_cv(banglabert->enhanced_banglabert)
484826	None	enhanced_cascade_cv(banglabert->enhanced_banglabert)
3714	None	enhanced_cascade_cv(banglabert->enhanced_banglabert)
757020	None	enhanced_cascade_cv(banglabert->enhanced_banglabert)
420865	Society	enhanced_cascade_cv(banglabert->enhanced_banglabert)
63866	Organization	enhanced_cascade_cv(banglabert->enhanced_banglabert)
3878	None	enhanced_cascade_cv(banglabert->enhanced_banglabert)
897956	None	enhanced_cascade_cv(banglabert->enhanced_banglabert)
207797	Society	enhanced_cascade_cv(banglabert->enhanced_banglabert)
74785	None	enhanced_cascade_cv(banglabert->enhanced_banglabert)
410875	None	enhanced_cascade_cv(banglabert->enhanced_banglabert)
502966	Individual	enhanced_cascade_cv(banglabert->enhanced_banglabert)
783513	None	enhanced_cascade_cv(banglabert->enhanced_banglabert)
714839	None	enhanced_cascade_cv(banglabert->enhanced_banglabert)
296591	None	enhanced_cascade_cv(banglabert->enhanced_banglabert)
89081	Organization	enhanced_cascade_cv(banglabert->enhanced_banglabert)
445635	None	enhanced_cascade_cv(banglabert->enhanced_banglabert)
757598	None	enhanced_cascade_cv(banglabert->enhanced_banglabert)
39822	Community	enhanced_cascade_cv(banglabert->enhanced_banglabert)
470123	None	enhanced_cascade_cv(banglabert->enhanced_banglabert)
307053	Individual	enhanced_cascade_cv(banglabert->enhanced_banglabert)
141210	Organization	enhanced_cascade_cv(banglabert->enhanced_banglabert)
174029	None	enhanced_cascade_cv(banglabert->enhanced_banglabert)
773409	None	enhanced_cascade_cv(banglabert->enhanced_banglabert)
838299	None	enhanced_cascade_cv(banglabert->enhanced_banglabert)
533335	None	enhanced_cascade_cv(banglabert->enhanced_banglabert)
594234	None	enhanced_cascade_cv(banglabert->enhanced_banglabert)
754615	Individual	enhanced_cascade_cv(banglabert->enhanced_banglabert)
480953	Individual	enhanced_cascade_cv(banglabert->enhanced_banglabert)
902367	Organization	enhanced_cascade_cv(banglabert->enhanced_banglabert)
361571	None	enhanced_cascade_cv(banglabert->enhanced_banglabert)
535028	None	enhanced_cascade_cv(banglabert->enhanced_banglabert)
34848	None	enhanced_cascade_cv(banglabert->enhanced_banglabert)
851498	None	enhanced_cascade_cv(banglabert->enhanced_banglabert)
431136	None	enhanced_cascade_cv(banglabert->enhanced_banglabert)
631939	None	enhanced_cascade_cv(banglabert->enhanced_banglabert)
822095	None	enhanced_cascade_cv(banglabert->enhanced_banglabert)
773243	None	enhanced_cascade_cv(banglabert->enhanced_banglabert)
490928	Individual	enhanced_cascade_cv(banglabert->enhanced_banglabert)
46416	None	enhanced_cascade_cv(banglabert->enhanced_banglabert)
587175	Individual	enhanced_cascade_cv(banglabert->enhanced_banglabert)
931724	None	enhanced_cascade_cv(banglabert->enhanced_banglabert)
913468	None	enhanced_cascade_cv(banglabert->enhanced_banglabert)
502951	None	enhanced_cascade_cv(banglabert->enhanced_banglabert)
355754	None	enhanced_cascade_cv(banglabert->enhanced_banglabert)
622669	None	enhanced_cascade_cv(banglabert->enhanced_banglabert)
869466	None	enhanced_cascade_cv(banglabert->enhanced_banglabert)
198780	Individual	enhanced_cascade_cv(banglabert->enhanced_banglabert)
535412	None	enhanced_cascade_cv(banglabert->enhanced_banglabert)
584067	None	enhanced_cascade_cv(banglabert->enhanced_banglabert)
874981	None	enhanced_cascade_cv(banglabert->enhanced_banglabert)
424890	Community	enhanced_cascade_cv(banglabert->enhanced_banglabert)
558792	Society	enhanced_cascade_cv(banglabert->enhanced_banglabert)
322880	Individual	enhanced_cascade_cv(banglabert->enhanced_banglabert)
190760	None	enhanced_cascade_cv(banglabert->enhanced_banglabert)
741373	None	enhanced_cascade_cv(banglabert->enhanced_banglabert)
689268	Community	enhanced_cascade_cv(banglabert->enhanced_banglabert)
877156	None	enhanced_cascade_cv(banglabert->enhanced_banglabert)
782624	None	enhanced_cascade_cv(banglabert->enhanced_banglabert)
608398	None	enhanced_cascade_cv(banglabert->enhanced_banglabert)
358623	None	enhanced_cascade_cv(banglabert->enhanced_banglabert)
514727	None	enhanced_cascade_cv(banglabert->enhanced_banglabert)
486743	None	enhanced_cascade_cv(banglabert->enhanced_banglabert)
566746	Society	enhanced_cascade_cv(banglabert->enhanced_banglabert)
408236	None	enhanced_cascade_cv(banglabert->enhanced_banglabert)
459949	None	enhanced_cascade_cv(banglabert->enhanced_banglabert)
439045	None	enhanced_cascade_cv(banglabert->enhanced_banglabert)
495967	None	enhanced_cascade_cv(banglabert->enhanced_banglabert)
261976	Organization	enhanced_cascade_cv(banglabert->enhanced_banglabert)
615700	Organization	enhanced_cascade_cv(banglabert->enhanced_banglabert)
891921	Individual	enhanced_cascade_cv(banglabert->enhanced_banglabert)
689350	None	enhanced_cascade_cv(banglabert->enhanced_banglabert)
477655	None	enhanced_cascade_cv(banglabert->enhanced_banglabert)
431693	None	enhanced_cascade_cv(banglabert->enhanced_banglabert)
615812	None	enhanced_cascade_cv(banglabert->enhanced_banglabert)
499465	Community	enhanced_cascade_cv(banglabert->enhanced_banglabert)
165268	None	enhanced_cascade_cv(banglabert->enhanced_banglabert)
292603	Individual	enhanced_cascade_cv(banglabert->enhanced_banglabert)
730909	Individual	enhanced_cascade_cv(banglabert->enhanced_banglabert)
815654	Society	enhanced_cascade_cv(banglabert->enhanced_banglabert)
877663	Community	enhanced_cascade_cv(banglabert->enhanced_banglabert)
793522	Society	enhanced_cascade_cv(banglabert->enhanced_banglabert)
350538	None	enhanced_cascade_cv(banglabert->enhanced_banglabert)
873135	None	enhanced_cascade_cv(banglabert->enhanced_banglabert)
839039	None	enhanced_cascade_cv(banglabert->enhanced_banglabert)
396410	None	enhanced_cascade_cv(banglabert->enhanced_banglabert)
637519	Organization	enhanced_cascade_cv(banglabert->enhanced_banglabert)
427252	Community	enhanced_cascade_cv(banglabert->enhanced_banglabert)
730447	None	enhanced_cascade_cv(banglabert->enhanced_banglabert)
211215	Organization	enhanced_cascade_cv(banglabert->enhanced_banglabert)
14933	None	enhanced_cascade_cv(banglabert->enhanced_banglabert)
694449	None	enhanced_cascade_cv(banglabert->enhanced_banglabert)
501522	Community	enhanced_cascade_cv(banglabert->enhanced_banglabert)
1420	Individual	enhanced_cascade_cv(banglabert->enhanced_banglabert)
789130	None	enhanced_cascade_cv(banglabert->enhanced_banglabert)
857965	None	enhanced_cascade_cv(banglabert->enhanced_banglabert)
276694	None	enhanced_cascade_cv(banglabert->enhanced_banglabert)
224721	Individual	enhanced_cascade_cv(banglabert->enhanced_banglabert)
571183	None	enhanced_cascade_cv(banglabert->enhanced_banglabert)
536219	None	enhanced_cascade_cv(banglabert->enhanced_banglabert)
596564	None	enhanced_cascade_cv(banglabert->enhanced_banglabert)
72007	Individual	enhanced_cascade_cv(banglabert->enhanced_banglabert)
551597	Individual	enhanced_cascade_cv(banglabert->enhanced_banglabert)
500458	None	enhanced_cascade_cv(banglabert->enhanced_banglabert)
820117	Individual	enhanced_cascade_cv(banglabert->enhanced_banglabert)
262701	Individual	enhanced_cascade_cv(banglabert->enhanced_banglabert)
114972	None	enhanced_cascade_cv(banglabert->enhanced_banglabert)
561947	None	enhanced_cascade_cv(banglabert->enhanced_banglabert)
276309	Individual	enhanced_cascade_cv(banglabert->enhanced_banglabert)
77931	Individual	enhanced_cascade_cv(banglabert->enhanced_banglabert)
45821	Organization	enhanced_cascade_cv(banglabert->enhanced_banglabert)
630739	Individual	enhanced_cascade_cv(banglabert->enhanced_banglabert)
666053	None	enhanced_cascade_cv(banglabert->enhanced_banglabert)
584973	None	enhanced_cascade_cv(banglabert->enhanced_banglabert)
60401	None	enhanced_cascade_cv(banglabert->enhanced_banglabert)
438467	None	enhanced_cascade_cv(banglabert->enhanced_banglabert)
486588	Community	enhanced_cascade_cv(banglabert->enhanced_banglabert)
870249	None	enhanced_cascade_cv(banglabert->enhanced_banglabert)
13629	None	enhanced_cascade_cv(banglabert->enhanced_banglabert)
820891	Organization	enhanced_cascade_cv(banglabert->enhanced_banglabert)
713040	None	enhanced_cascade_cv(banglabert->enhanced_banglabert)
511046	Individual	enhanced_cascade_cv(banglabert->enhanced_banglabert)
599431	None	enhanced_cascade_cv(banglabert->enhanced_banglabert)
615500	Society	enhanced_cascade_cv(banglabert->enhanced_banglabert)
191879	Community	enhanced_cascade_cv(banglabert->enhanced_banglabert)
935219	Individual	enhanced_cascade_cv(banglabert->enhanced_banglabert)
497003	None	enhanced_cascade_cv(banglabert->enhanced_banglabert)
328626	Individual	enhanced_cascade_cv(banglabert->enhanced_banglabert)
600775	None	enhanced_cascade_cv(banglabert->enhanced_banglabert)
794151	None	enhanced_cascade_cv(banglabert->enhanced_banglabert)
304354	None	enhanced_cascade_cv(banglabert->enhanced_banglabert)
863831	None	enhanced_cascade_cv(banglabert->enhanced_banglabert)
536451	None	enhanced_cascade_cv(banglabert->enhanced_banglabert)
469815	None	enhanced_cascade_cv(banglabert->enhanced_banglabert)
451640	None	enhanced_cascade_cv(banglabert->enhanced_banglabert)
715669	None	enhanced_cascade_cv(banglabert->enhanced_banglabert)
293536	None	enhanced_cascade_cv(banglabert->enhanced_banglabert)
848141	None	enhanced_cascade_cv(banglabert->enhanced_banglabert)
162462	Individual	enhanced_cascade_cv(banglabert->enhanced_banglabert)
826517	None	enhanced_cascade_cv(banglabert->enhanced_banglabert)
437802	Organization	enhanced_cascade_cv(banglabert->enhanced_banglabert)
6545	Society	enhanced_cascade_cv(banglabert->enhanced_banglabert)
415532	Organization	enhanced_cascade_cv(banglabert->enhanced_banglabert)
482579	None	enhanced_cascade_cv(banglabert->enhanced_banglabert)
25447	None	enhanced_cascade_cv(banglabert->enhanced_banglabert)
362442	None	enhanced_cascade_cv(banglabert->enhanced_banglabert)
541076	None	enhanced_cascade_cv(banglabert->enhanced_banglabert)
358430	None	enhanced_cascade_cv(banglabert->enhanced_banglabert)
448088	None	enhanced_cascade_cv(banglabert->enhanced_banglabert)
820462	None	enhanced_cascade_cv(banglabert->enhanced_banglabert)
774314	Individual	enhanced_cascade_cv(banglabert->enhanced_banglabert)
590133	None	enhanced_cascade_cv(banglabert->enhanced_banglabert)
502211	None	enhanced_cascade_cv(banglabert->enhanced_banglabert)
659859	None	enhanced_cascade_cv(banglabert->enhanced_banglabert)
579594	Organization	enhanced_cascade_cv(banglabert->enhanced_banglabert)
779913	None	enhanced_cascade_cv(banglabert->enhanced_banglabert)
651697	Organization	enhanced_cascade_cv(banglabert->enhanced_banglabert)
521676	None	enhanced_cascade_cv(banglabert->enhanced_banglabert)
300760	None	enhanced_cascade_cv(banglabert->enhanced_banglabert)
243375	None	enhanced_cascade_cv(banglabert->enhanced_banglabert)
378195	Society	enhanced_cascade_cv(banglabert->enhanced_banglabert)
693937	Organization	enhanced_cascade_cv(banglabert->enhanced_banglabert)
613895	None	enhanced_cascade_cv(banglabert->enhanced_banglabert)
297600	Individual	enhanced_cascade_cv(banglabert->enhanced_banglabert)
256541	Organization	enhanced_cascade_cv(banglabert->enhanced_banglabert)
674641	None	enhanced_cascade_cv(banglabert->enhanced_banglabert)
931806	None	enhanced_cascade_cv(banglabert->enhanced_banglabert)
318536	None	enhanced_cascade_cv(banglabert->enhanced_banglabert)
567244	Individual	enhanced_cascade_cv(banglabert->enhanced_banglabert)
46504	None	enhanced_cascade_cv(banglabert->enhanced_banglabert)
478958	Community	enhanced_cascade_cv(banglabert->enhanced_banglabert)
597266	None	enhanced_cascade_cv(banglabert->enhanced_banglabert)
426628	None	enhanced_cascade_cv(banglabert->enhanced_banglabert)
86960	None	enhanced_cascade_cv(banglabert->enhanced_banglabert)
827165	None	enhanced_cascade_cv(banglabert->enhanced_banglabert)
101408	None	enhanced_cascade_cv(banglabert->enhanced_banglabert)
171808	None	enhanced_cascade_cv(banglabert->enhanced_banglabert)
123884	None	enhanced_cascade_cv(banglabert->enhanced_banglabert)
502532	None	enhanced_cascade_cv(banglabert->enhanced_banglabert)
465753	None	enhanced_cascade_cv(banglabert->enhanced_banglabert)
49662	None	enhanced_cascade_cv(banglabert->enhanced_banglabert)
401269	Organization	enhanced_cascade_cv(banglabert->enhanced_banglabert)
785334	None	enhanced_cascade_cv(banglabert->enhanced_banglabert)
259549	Individual	enhanced_cascade_cv(banglabert->enhanced_banglabert)
405129	None	enhanced_cascade_cv(banglabert->enhanced_banglabert)
824858	Society	enhanced_cascade_cv(banglabert->enhanced_banglabert)
124966	Organization	enhanced_cascade_cv(banglabert->enhanced_banglabert)
604003	None	enhanced_cascade_cv(banglabert->enhanced_banglabert)
784928	None	enhanced_cascade_cv(banglabert->enhanced_banglabert)
31894	None	enhanced_cascade_cv(banglabert->enhanced_banglabert)
677321	Organization	enhanced_cascade_cv(banglabert->enhanced_banglabert)
695579	None	enhanced_cascade_cv(banglabert->enhanced_banglabert)
307641	Individual	enhanced_cascade_cv(banglabert->enhanced_banglabert)
640430	Organization	enhanced_cascade_cv(banglabert->enhanced_banglabert)
161897	None	enhanced_cascade_cv(banglabert->enhanced_banglabert)
100750	None	enhanced_cascade_cv(banglabert->enhanced_banglabert)
2074	None	enhanced_cascade_cv(banglabert->enhanced_banglabert)
920286	Individual	enhanced_cascade_cv(banglabert->enhanced_banglabert)
222567	Individual	enhanced_cascade_cv(banglabert->enhanced_banglabert)
708907	None	enhanced_cascade_cv(banglabert->enhanced_banglabert)
872871	None	enhanced_cascade_cv(banglabert->enhanced_banglabert)
591590	None	enhanced_cascade_cv(banglabert->enhanced_banglabert)
909144	Organization	enhanced_cascade_cv(banglabert->enhanced_banglabert)
511180	None	enhanced_cascade_cv(banglabert->enhanced_banglabert)
427628	Community	enhanced_cascade_cv(banglabert->enhanced_banglabert)
628833	None	enhanced_cascade_cv(banglabert->enhanced_banglabert)
849422	None	enhanced_cascade_cv(banglabert->enhanced_banglabert)
40248	Individual	enhanced_cascade_cv(banglabert->enhanced_banglabert)
665748	Organization	enhanced_cascade_cv(banglabert->enhanced_banglabert)
115294	Individual	enhanced_cascade_cv(banglabert->enhanced_banglabert)
601680	Individual	enhanced_cascade_cv(banglabert->enhanced_banglabert)
12021	Community	enhanced_cascade_cv(banglabert->enhanced_banglabert)
568336	None	enhanced_cascade_cv(banglabert->enhanced_banglabert)
261368	Individual	enhanced_cascade_cv(banglabert->enhanced_banglabert)
477817	None	enhanced_cascade_cv(banglabert->enhanced_banglabert)
445682	None	enhanced_cascade_cv(banglabert->enhanced_banglabert)
496891	None	enhanced_cascade_cv(banglabert->enhanced_banglabert)
103981	Organization	enhanced_cascade_cv(banglabert->enhanced_banglabert)
356583	None	enhanced_cascade_cv(banglabert->enhanced_banglabert)
315681	None	enhanced_cascade_cv(banglabert->enhanced_banglabert)
376795	None	enhanced_cascade_cv(banglabert->enhanced_banglabert)
142352	None	enhanced_cascade_cv(banglabert->enhanced_banglabert)
761483	None	enhanced_cascade_cv(banglabert->enhanced_banglabert)
659121	None	enhanced_cascade_cv(banglabert->enhanced_banglabert)
510144	None	enhanced_cascade_cv(banglabert->enhanced_banglabert)
414795	Society	enhanced_cascade_cv(banglabert->enhanced_banglabert)
779036	None	enhanced_cascade_cv(banglabert->enhanced_banglabert)
766589	None	enhanced_cascade_cv(banglabert->enhanced_banglabert)
620744	None	enhanced_cascade_cv(banglabert->enhanced_banglabert)
119177	None	enhanced_cascade_cv(banglabert->enhanced_banglabert)
855777	None	enhanced_cascade_cv(banglabert->enhanced_banglabert)
853152	Individual	enhanced_cascade_cv(banglabert->enhanced_banglabert)
925966	None	enhanced_cascade_cv(banglabert->enhanced_banglabert)
288479	Organization	enhanced_cascade_cv(banglabert->enhanced_banglabert)
43621	Individual	enhanced_cascade_cv(banglabert->enhanced_banglabert)
775359	Society	enhanced_cascade_cv(banglabert->enhanced_banglabert)
400333	None	enhanced_cascade_cv(banglabert->enhanced_banglabert)
861911	Community	enhanced_cascade_cv(banglabert->enhanced_banglabert)
550107	None	enhanced_cascade_cv(banglabert->enhanced_banglabert)
582256	Individual	enhanced_cascade_cv(banglabert->enhanced_banglabert)
368538	None	enhanced_cascade_cv(banglabert->enhanced_banglabert)
593889	Society	enhanced_cascade_cv(banglabert->enhanced_banglabert)
158200	None	enhanced_cascade_cv(banglabert->enhanced_banglabert)
433569	Organization	enhanced_cascade_cv(banglabert->enhanced_banglabert)
332287	None	enhanced_cascade_cv(banglabert->enhanced_banglabert)
340607	None	enhanced_cascade_cv(banglabert->enhanced_banglabert)
756213	None	enhanced_cascade_cv(banglabert->enhanced_banglabert)
749950	Community	enhanced_cascade_cv(banglabert->enhanced_banglabert)
72491	Individual	enhanced_cascade_cv(banglabert->enhanced_banglabert)
379055	None	enhanced_cascade_cv(banglabert->enhanced_banglabert)
280816	None	enhanced_cascade_cv(banglabert->enhanced_banglabert)
495641	Society	enhanced_cascade_cv(banglabert->enhanced_banglabert)
552783	None	enhanced_cascade_cv(banglabert->enhanced_banglabert)
828308	None	enhanced_cascade_cv(banglabert->enhanced_banglabert)
141089	None	enhanced_cascade_cv(banglabert->enhanced_banglabert)
512270	Organization	enhanced_cascade_cv(banglabert->enhanced_banglabert)
317593	None	enhanced_cascade_cv(banglabert->enhanced_banglabert)
458630	None	enhanced_cascade_cv(banglabert->enhanced_banglabert)
303092	None	enhanced_cascade_cv(banglabert->enhanced_banglabert)
53722	Organization	enhanced_cascade_cv(banglabert->enhanced_banglabert)
734204	None	enhanced_cascade_cv(banglabert->enhanced_banglabert)
932941	Individual	enhanced_cascade_cv(banglabert->enhanced_banglabert)
589998	Organization	enhanced_cascade_cv(banglabert->enhanced_banglabert)
5650	None	enhanced_cascade_cv(banglabert->enhanced_banglabert)
58866	None	enhanced_cascade_cv(banglabert->enhanced_banglabert)
115484	None	enhanced_cascade_cv(banglabert->enhanced_banglabert)
667651	None	enhanced_cascade_cv(banglabert->enhanced_banglabert)
565531	None	enhanced_cascade_cv(banglabert->enhanced_banglabert)
12875	Society	enhanced_cascade_cv(banglabert->enhanced_banglabert)
734945	Society	enhanced_cascade_cv(banglabert->enhanced_banglabert)
917049	None	enhanced_cascade_cv(banglabert->enhanced_banglabert)
446818	None	enhanced_cascade_cv(banglabert->enhanced_banglabert)
463712	Individual	enhanced_cascade_cv(banglabert->enhanced_banglabert)
319920	Organization	enhanced_cascade_cv(banglabert->enhanced_banglabert)
718327	None	enhanced_cascade_cv(banglabert->enhanced_banglabert)
391914	None	enhanced_cascade_cv(banglabert->enhanced_banglabert)
714166	Individual	enhanced_cascade_cv(banglabert->enhanced_banglabert)
776147	None	enhanced_cascade_cv(banglabert->enhanced_banglabert)
134516	None	enhanced_cascade_cv(banglabert->enhanced_banglabert)
126593	None	enhanced_cascade_cv(banglabert->enhanced_banglabert)
386704	None	enhanced_cascade_cv(banglabert->enhanced_banglabert)
242734	Organization	enhanced_cascade_cv(banglabert->enhanced_banglabert)
139431	Individual	enhanced_cascade_cv(banglabert->enhanced_banglabert)
462008	None	enhanced_cascade_cv(banglabert->enhanced_banglabert)
845876	Organization	enhanced_cascade_cv(banglabert->enhanced_banglabert)
485735	None	enhanced_cascade_cv(banglabert->enhanced_banglabert)
294407	None	enhanced_cascade_cv(banglabert->enhanced_banglabert)
125502	None	enhanced_cascade_cv(banglabert->enhanced_banglabert)
79871	None	enhanced_cascade_cv(banglabert->enhanced_banglabert)
240882	None	enhanced_cascade_cv(banglabert->enhanced_banglabert)
109108	Organization	enhanced_cascade_cv(banglabert->enhanced_banglabert)
807772	None	enhanced_cascade_cv(banglabert->enhanced_banglabert)
308487	Community	enhanced_cascade_cv(banglabert->enhanced_banglabert)
741408	None	enhanced_cascade_cv(banglabert->enhanced_banglabert)
194292	Organization	enhanced_cascade_cv(banglabert->enhanced_banglabert)
24464	Individual	enhanced_cascade_cv(banglabert->enhanced_banglabert)
708109	None	enhanced_cascade_cv(banglabert->enhanced_banglabert)
27268	None	enhanced_cascade_cv(banglabert->enhanced_banglabert)
926009	None	enhanced_cascade_cv(banglabert->enhanced_banglabert)
198967	Individual	enhanced_cascade_cv(banglabert->enhanced_banglabert)
733369	None	enhanced_cascade_cv(banglabert->enhanced_banglabert)
518263	None	enhanced_cascade_cv(banglabert->enhanced_banglabert)
428733	Organization	enhanced_cascade_cv(banglabert->enhanced_banglabert)
136489	None	enhanced_cascade_cv(banglabert->enhanced_banglabert)
68131	Organization	enhanced_cascade_cv(banglabert->enhanced_banglabert)
214596	Individual	enhanced_cascade_cv(banglabert->enhanced_banglabert)
619074	None	enhanced_cascade_cv(banglabert->enhanced_banglabert)
468060	Community	enhanced_cascade_cv(banglabert->enhanced_banglabert)
919078	None	enhanced_cascade_cv(banglabert->enhanced_banglabert)
72797	None	enhanced_cascade_cv(banglabert->enhanced_banglabert)
267332	Community	enhanced_cascade_cv(banglabert->enhanced_banglabert)
495675	None	enhanced_cascade_cv(banglabert->enhanced_banglabert)
757167	None	enhanced_cascade_cv(banglabert->enhanced_banglabert)
159246	Community	enhanced_cascade_cv(banglabert->enhanced_banglabert)
222319	Community	enhanced_cascade_cv(banglabert->enhanced_banglabert)
141688	Organization	enhanced_cascade_cv(banglabert->enhanced_banglabert)
588060	None	enhanced_cascade_cv(banglabert->enhanced_banglabert)
20336	Individual	enhanced_cascade_cv(banglabert->enhanced_banglabert)
530347	Individual	enhanced_cascade_cv(banglabert->enhanced_banglabert)
120486	None	enhanced_cascade_cv(banglabert->enhanced_banglabert)
281912	None	enhanced_cascade_cv(banglabert->enhanced_banglabert)
209210	Organization	enhanced_cascade_cv(banglabert->enhanced_banglabert)
119988	None	enhanced_cascade_cv(banglabert->enhanced_banglabert)
367955	None	enhanced_cascade_cv(banglabert->enhanced_banglabert)
490961	None	enhanced_cascade_cv(banglabert->enhanced_banglabert)
705500	Organization	enhanced_cascade_cv(banglabert->enhanced_banglabert)
564232	None	enhanced_cascade_cv(banglabert->enhanced_banglabert)
694750	None	enhanced_cascade_cv(banglabert->enhanced_banglabert)
321877	None	enhanced_cascade_cv(banglabert->enhanced_banglabert)
292436	None	enhanced_cascade_cv(banglabert->enhanced_banglabert)
741913	None	enhanced_cascade_cv(banglabert->enhanced_banglabert)
605992	Individual	enhanced_cascade_cv(banglabert->enhanced_banglabert)
450057	None	enhanced_cascade_cv(banglabert->enhanced_banglabert)
458118	Community	enhanced_cascade_cv(banglabert->enhanced_banglabert)
760827	None	enhanced_cascade_cv(banglabert->enhanced_banglabert)
217241	Individual	enhanced_cascade_cv(banglabert->enhanced_banglabert)
914980	None	enhanced_cascade_cv(banglabert->enhanced_banglabert)
85029	None	enhanced_cascade_cv(banglabert->enhanced_banglabert)
889398	None	enhanced_cascade_cv(banglabert->enhanced_banglabert)
380935	Society	enhanced_cascade_cv(banglabert->enhanced_banglabert)
342167	Individual	enhanced_cascade_cv(banglabert->enhanced_banglabert)
16697	Community	enhanced_cascade_cv(banglabert->enhanced_banglabert)
311519	None	enhanced_cascade_cv(banglabert->enhanced_banglabert)
434358	None	enhanced_cascade_cv(banglabert->enhanced_banglabert)
36681	None	enhanced_cascade_cv(banglabert->enhanced_banglabert)
310759	None	enhanced_cascade_cv(banglabert->enhanced_banglabert)
725323	None	enhanced_cascade_cv(banglabert->enhanced_banglabert)
353926	None	enhanced_cascade_cv(banglabert->enhanced_banglabert)
876563	None	enhanced_cascade_cv(banglabert->enhanced_banglabert)
798595	None	enhanced_cascade_cv(banglabert->enhanced_banglabert)
671446	None	enhanced_cascade_cv(banglabert->enhanced_banglabert)
716066	None	enhanced_cascade_cv(banglabert->enhanced_banglabert)
758952	None	enhanced_cascade_cv(banglabert->enhanced_banglabert)
336955	None	enhanced_cascade_cv(banglabert->enhanced_banglabert)
52086	None	enhanced_cascade_cv(banglabert->enhanced_banglabert)
693822	Organization	enhanced_cascade_cv(banglabert->enhanced_banglabert)
723861	Organization	enhanced_cascade_cv(banglabert->enhanced_banglabert)
115176	None	enhanced_cascade_cv(banglabert->enhanced_banglabert)
293206	Organization	enhanced_cascade_cv(banglabert->enhanced_banglabert)
909668	Organization	enhanced_cascade_cv(banglabert->enhanced_banglabert)
99179	None	enhanced_cascade_cv(banglabert->enhanced_banglabert)
735183	Society	enhanced_cascade_cv(banglabert->enhanced_banglabert)
833916	None	enhanced_cascade_cv(banglabert->enhanced_banglabert)
492863	None	enhanced_cascade_cv(banglabert->enhanced_banglabert)
673929	None	enhanced_cascade_cv(banglabert->enhanced_banglabert)
187628	None	enhanced_cascade_cv(banglabert->enhanced_banglabert)
512539	None	enhanced_cascade_cv(banglabert->enhanced_banglabert)
667552	None	enhanced_cascade_cv(banglabert->enhanced_banglabert)
722329	Organization	enhanced_cascade_cv(banglabert->enhanced_banglabert)
69405	Individual	enhanced_cascade_cv(banglabert->enhanced_banglabert)
485148	None	enhanced_cascade_cv(banglabert->enhanced_banglabert)
356178	Society	enhanced_cascade_cv(banglabert->enhanced_banglabert)
744915	None	enhanced_cascade_cv(banglabert->enhanced_banglabert)
908716	None	enhanced_cascade_cv(banglabert->enhanced_banglabert)
27654	Organization	enhanced_cascade_cv(banglabert->enhanced_banglabert)
57996	Individual	enhanced_cascade_cv(banglabert->enhanced_banglabert)
532197	Individual	enhanced_cascade_cv(banglabert->enhanced_banglabert)
172936	None	enhanced_cascade_cv(banglabert->enhanced_banglabert)
144414	None	enhanced_cascade_cv(banglabert->enhanced_banglabert)
750117	None	enhanced_cascade_cv(banglabert->enhanced_banglabert)
207748	Organization	enhanced_cascade_cv(banglabert->enhanced_banglabert)
533792	Individual	enhanced_cascade_cv(banglabert->enhanced_banglabert)
515596	None	enhanced_cascade_cv(banglabert->enhanced_banglabert)
362565	None	enhanced_cascade_cv(banglabert->enhanced_banglabert)
814201	Organization	enhanced_cascade_cv(banglabert->enhanced_banglabert)
292873	None	enhanced_cascade_cv(banglabert->enhanced_banglabert)
188085	None	enhanced_cascade_cv(banglabert->enhanced_banglabert)
305639	None	enhanced_cascade_cv(banglabert->enhanced_banglabert)
530553	None	enhanced_cascade_cv(banglabert->enhanced_banglabert)
555212	Community	enhanced_cascade_cv(banglabert->enhanced_banglabert)
226321	Organization	enhanced_cascade_cv(banglabert->enhanced_banglabert)
242018	None	enhanced_cascade_cv(banglabert->enhanced_banglabert)
388337	Organization	enhanced_cascade_cv(banglabert->enhanced_banglabert)
66232	Community	enhanced_cascade_cv(banglabert->enhanced_banglabert)
103018	Individual	enhanced_cascade_cv(banglabert->enhanced_banglabert)
31872	None	enhanced_cascade_cv(banglabert->enhanced_banglabert)
596109	Organization	enhanced_cascade_cv(banglabert->enhanced_banglabert)
434147	Individual	enhanced_cascade_cv(banglabert->enhanced_banglabert)
72048	Individual	enhanced_cascade_cv(banglabert->enhanced_banglabert)
693883	Society	enhanced_cascade_cv(banglabert->enhanced_banglabert)
429389	None	enhanced_cascade_cv(banglabert->enhanced_banglabert)
473461	Individual	enhanced_cascade_cv(banglabert->enhanced_banglabert)
718424	Individual	enhanced_cascade_cv(banglabert->enhanced_banglabert)
576688	None	enhanced_cascade_cv(banglabert->enhanced_banglabert)
539121	None	enhanced_cascade_cv(banglabert->enhanced_banglabert)
409344	Organization	enhanced_cascade_cv(banglabert->enhanced_banglabert)
797090	None	enhanced_cascade_cv(banglabert->enhanced_banglabert)
76153	Individual	enhanced_cascade_cv(banglabert->enhanced_banglabert)
868018	None	enhanced_cascade_cv(banglabert->enhanced_banglabert)
511278	None	enhanced_cascade_cv(banglabert->enhanced_banglabert)
79251	Individual	enhanced_cascade_cv(banglabert->enhanced_banglabert)
475969	Community	enhanced_cascade_cv(banglabert->enhanced_banglabert)
5032	None	enhanced_cascade_cv(banglabert->enhanced_banglabert)
239973	None	enhanced_cascade_cv(banglabert->enhanced_banglabert)
603047	Community	enhanced_cascade_cv(banglabert->enhanced_banglabert)
647875	Individual	enhanced_cascade_cv(banglabert->enhanced_banglabert)
199005	Organization	enhanced_cascade_cv(banglabert->enhanced_banglabert)
324621	None	enhanced_cascade_cv(banglabert->enhanced_banglabert)
770964	None	enhanced_cascade_cv(banglabert->enhanced_banglabert)
795986	None	enhanced_cascade_cv(banglabert->enhanced_banglabert)
457670	None	enhanced_cascade_cv(banglabert->enhanced_banglabert)
259711	Individual	enhanced_cascade_cv(banglabert->enhanced_banglabert)
354655	None	enhanced_cascade_cv(banglabert->enhanced_banglabert)
407146	None	enhanced_cascade_cv(banglabert->enhanced_banglabert)
636640	None	enhanced_cascade_cv(banglabert->enhanced_banglabert)
804370	None	enhanced_cascade_cv(banglabert->enhanced_banglabert)
691104	None	enhanced_cascade_cv(banglabert->enhanced_banglabert)
734680	None	enhanced_cascade_cv(banglabert->enhanced_banglabert)
823502	None	enhanced_cascade_cv(banglabert->enhanced_banglabert)
531005	Individual	enhanced_cascade_cv(banglabert->enhanced_banglabert)
424184	None	enhanced_cascade_cv(banglabert->enhanced_banglabert)
287189	Individual	enhanced_cascade_cv(banglabert->enhanced_banglabert)
34555	None	enhanced_cascade_cv(banglabert->enhanced_banglabert)
493631	None	enhanced_cascade_cv(banglabert->enhanced_banglabert)
119918	None	enhanced_cascade_cv(banglabert->enhanced_banglabert)
40105	Organization	enhanced_cascade_cv(banglabert->enhanced_banglabert)
615422	None	enhanced_cascade_cv(banglabert->enhanced_banglabert)
798140	None	enhanced_cascade_cv(banglabert->enhanced_banglabert)
193475	None	enhanced_cascade_cv(banglabert->enhanced_banglabert)
85154	Community	enhanced_cascade_cv(banglabert->enhanced_banglabert)
174317	None	enhanced_cascade_cv(banglabert->enhanced_banglabert)
205283	Individual	enhanced_cascade_cv(banglabert->enhanced_banglabert)
601880	None	enhanced_cascade_cv(banglabert->enhanced_banglabert)
762676	Society	enhanced_cascade_cv(banglabert->enhanced_banglabert)
875990	None	enhanced_cascade_cv(banglabert->enhanced_banglabert)
870813	None	enhanced_cascade_cv(banglabert->enhanced_banglabert)
414581	None	enhanced_cascade_cv(banglabert->enhanced_banglabert)
460547	None	enhanced_cascade_cv(banglabert->enhanced_banglabert)
109261	None	enhanced_cascade_cv(banglabert->enhanced_banglabert)
816935	None	enhanced_cascade_cv(banglabert->enhanced_banglabert)
630415	None	enhanced_cascade_cv(banglabert->enhanced_banglabert)
582246	None	enhanced_cascade_cv(banglabert->enhanced_banglabert)
463096	None	enhanced_cascade_cv(banglabert->enhanced_banglabert)
749568	None	enhanced_cascade_cv(banglabert->enhanced_banglabert)
775786	Society	enhanced_cascade_cv(banglabert->enhanced_banglabert)
714282	None	enhanced_cascade_cv(banglabert->enhanced_banglabert)
662667	None	enhanced_cascade_cv(banglabert->enhanced_banglabert)
225837	None	enhanced_cascade_cv(banglabert->enhanced_banglabert)
168142	None	enhanced_cascade_cv(banglabert->enhanced_banglabert)
641910	None	enhanced_cascade_cv(banglabert->enhanced_banglabert)
763579	None	enhanced_cascade_cv(banglabert->enhanced_banglabert)
830107	None	enhanced_cascade_cv(banglabert->enhanced_banglabert)
706770	None	enhanced_cascade_cv(banglabert->enhanced_banglabert)
273099	None	enhanced_cascade_cv(banglabert->enhanced_banglabert)
24238	None	enhanced_cascade_cv(banglabert->enhanced_banglabert)
333725	None	enhanced_cascade_cv(banglabert->enhanced_banglabert)
847975	None	enhanced_cascade_cv(banglabert->enhanced_banglabert)
735249	Society	enhanced_cascade_cv(banglabert->enhanced_banglabert)
266369	None	enhanced_cascade_cv(banglabert->enhanced_banglabert)
828154	None	enhanced_cascade_cv(banglabert->enhanced_banglabert)
576746	None	enhanced_cascade_cv(banglabert->enhanced_banglabert)
601669	Individual	enhanced_cascade_cv(banglabert->enhanced_banglabert)
879	Organization	enhanced_cascade_cv(banglabert->enhanced_banglabert)
101391	Community	enhanced_cascade_cv(banglabert->enhanced_banglabert)
38360	None	enhanced_cascade_cv(banglabert->enhanced_banglabert)
654460	Community	enhanced_cascade_cv(banglabert->enhanced_banglabert)
435370	Organization	enhanced_cascade_cv(banglabert->enhanced_banglabert)
858159	Individual	enhanced_cascade_cv(banglabert->enhanced_banglabert)
352635	Society	enhanced_cascade_cv(banglabert->enhanced_banglabert)
844317	None	enhanced_cascade_cv(banglabert->enhanced_banglabert)
221616	Organization	enhanced_cascade_cv(banglabert->enhanced_banglabert)
768118	Society	enhanced_cascade_cv(banglabert->enhanced_banglabert)
639519	None	enhanced_cascade_cv(banglabert->enhanced_banglabert)
80769	None	enhanced_cascade_cv(banglabert->enhanced_banglabert)
690556	None	enhanced_cascade_cv(banglabert->enhanced_banglabert)
431998	None	enhanced_cascade_cv(banglabert->enhanced_banglabert)
804707	None	enhanced_cascade_cv(banglabert->enhanced_banglabert)
475927	None	enhanced_cascade_cv(banglabert->enhanced_banglabert)
902754	None	enhanced_cascade_cv(banglabert->enhanced_banglabert)
579862	None	enhanced_cascade_cv(banglabert->enhanced_banglabert)
732325	None	enhanced_cascade_cv(banglabert->enhanced_banglabert)
894351	None	enhanced_cascade_cv(banglabert->enhanced_banglabert)
608295	Individual	enhanced_cascade_cv(banglabert->enhanced_banglabert)
92749	Individual	enhanced_cascade_cv(banglabert->enhanced_banglabert)
46717	Community	enhanced_cascade_cv(banglabert->enhanced_banglabert)
626868	None	enhanced_cascade_cv(banglabert->enhanced_banglabert)
174993	None	enhanced_cascade_cv(banglabert->enhanced_banglabert)
659012	Organization	enhanced_cascade_cv(banglabert->enhanced_banglabert)
769972	Community	enhanced_cascade_cv(banglabert->enhanced_banglabert)
628491	None	enhanced_cascade_cv(banglabert->enhanced_banglabert)
4724	None	enhanced_cascade_cv(banglabert->enhanced_banglabert)
30333	None	enhanced_cascade_cv(banglabert->enhanced_banglabert)
383111	None	enhanced_cascade_cv(banglabert->enhanced_banglabert)
193342	None	enhanced_cascade_cv(banglabert->enhanced_banglabert)
641481	Individual	enhanced_cascade_cv(banglabert->enhanced_banglabert)
786695	None	enhanced_cascade_cv(banglabert->enhanced_banglabert)
94409	None	enhanced_cascade_cv(banglabert->enhanced_banglabert)
3194	Society	enhanced_cascade_cv(banglabert->enhanced_banglabert)
544411	None	enhanced_cascade_cv(banglabert->enhanced_banglabert)
280623	None	enhanced_cascade_cv(banglabert->enhanced_banglabert)
307067	None	enhanced_cascade_cv(banglabert->enhanced_banglabert)
875014	None	enhanced_cascade_cv(banglabert->enhanced_banglabert)
656684	None	enhanced_cascade_cv(banglabert->enhanced_banglabert)
764588	Community	enhanced_cascade_cv(banglabert->enhanced_banglabert)
398408	Organization	enhanced_cascade_cv(banglabert->enhanced_banglabert)
544724	Organization	enhanced_cascade_cv(banglabert->enhanced_banglabert)
717930	None	enhanced_cascade_cv(banglabert->enhanced_banglabert)
861943	None	enhanced_cascade_cv(banglabert->enhanced_banglabert)
504377	None	enhanced_cascade_cv(banglabert->enhanced_banglabert)
685085	None	enhanced_cascade_cv(banglabert->enhanced_banglabert)
657081	None	enhanced_cascade_cv(banglabert->enhanced_banglabert)
187923	None	enhanced_cascade_cv(banglabert->enhanced_banglabert)
900377	None	enhanced_cascade_cv(banglabert->enhanced_banglabert)
563247	None	enhanced_cascade_cv(banglabert->enhanced_banglabert)
661496	Individual	enhanced_cascade_cv(banglabert->enhanced_banglabert)
873216	None	enhanced_cascade_cv(banglabert->enhanced_banglabert)
154722	None	enhanced_cascade_cv(banglabert->enhanced_banglabert)
13287	Society	enhanced_cascade_cv(banglabert->enhanced_banglabert)
202664	None	enhanced_cascade_cv(banglabert->enhanced_banglabert)
194099	None	enhanced_cascade_cv(banglabert->enhanced_banglabert)
191461	None	enhanced_cascade_cv(banglabert->enhanced_banglabert)
612332	None	enhanced_cascade_cv(banglabert->enhanced_banglabert)
894207	None	enhanced_cascade_cv(banglabert->enhanced_banglabert)
318915	Individual	enhanced_cascade_cv(banglabert->enhanced_banglabert)
26251	None	enhanced_cascade_cv(banglabert->enhanced_banglabert)
142455	Individual	enhanced_cascade_cv(banglabert->enhanced_banglabert)
475328	None	enhanced_cascade_cv(banglabert->enhanced_banglabert)
316399	None	enhanced_cascade_cv(banglabert->enhanced_banglabert)
437420	Community	enhanced_cascade_cv(banglabert->enhanced_banglabert)
240551	Community	enhanced_cascade_cv(banglabert->enhanced_banglabert)
78885	Organization	enhanced_cascade_cv(banglabert->enhanced_banglabert)
568279	Community	enhanced_cascade_cv(banglabert->enhanced_banglabert)
172343	Organization	enhanced_cascade_cv(banglabert->enhanced_banglabert)
518730	None	enhanced_cascade_cv(banglabert->enhanced_banglabert)
761257	None	enhanced_cascade_cv(banglabert->enhanced_banglabert)
511100	Individual	enhanced_cascade_cv(banglabert->enhanced_banglabert)
95847	None	enhanced_cascade_cv(banglabert->enhanced_banglabert)
693503	None	enhanced_cascade_cv(banglabert->enhanced_banglabert)
713982	None	enhanced_cascade_cv(banglabert->enhanced_banglabert)
323013	Society	enhanced_cascade_cv(banglabert->enhanced_banglabert)
487727	Community	enhanced_cascade_cv(banglabert->enhanced_banglabert)
112427	Individual	enhanced_cascade_cv(banglabert->enhanced_banglabert)
172445	None	enhanced_cascade_cv(banglabert->enhanced_banglabert)
745382	Individual	enhanced_cascade_cv(banglabert->enhanced_banglabert)
29292	Individual	enhanced_cascade_cv(banglabert->enhanced_banglabert)
472930	Community	enhanced_cascade_cv(banglabert->enhanced_banglabert)
749073	None	enhanced_cascade_cv(banglabert->enhanced_banglabert)
895990	Individual	enhanced_cascade_cv(banglabert->enhanced_banglabert)
212549	None	enhanced_cascade_cv(banglabert->enhanced_banglabert)
263512	None	enhanced_cascade_cv(banglabert->enhanced_banglabert)
246775	None	enhanced_cascade_cv(banglabert->enhanced_banglabert)
525372	None	enhanced_cascade_cv(banglabert->enhanced_banglabert)
749093	None	enhanced_cascade_cv(banglabert->enhanced_banglabert)
707214	None	enhanced_cascade_cv(banglabert->enhanced_banglabert)
2591	Organization	enhanced_cascade_cv(banglabert->enhanced_banglabert)
27096	None	enhanced_cascade_cv(banglabert->enhanced_banglabert)
213638	Organization	enhanced_cascade_cv(banglabert->enhanced_banglabert)
692826	Community	enhanced_cascade_cv(banglabert->enhanced_banglabert)
706581	Community	enhanced_cascade_cv(banglabert->enhanced_banglabert)
147938	None	enhanced_cascade_cv(banglabert->enhanced_banglabert)
743152	None	enhanced_cascade_cv(banglabert->enhanced_banglabert)
61990	None	enhanced_cascade_cv(banglabert->enhanced_banglabert)
852568	None	enhanced_cascade_cv(banglabert->enhanced_banglabert)
76707	None	enhanced_cascade_cv(banglabert->enhanced_banglabert)
814640	None	enhanced_cascade_cv(banglabert->enhanced_banglabert)
891668	Organization	enhanced_cascade_cv(banglabert->enhanced_banglabert)
16456	Society	enhanced_cascade_cv(banglabert->enhanced_banglabert)
850529	None	enhanced_cascade_cv(banglabert->enhanced_banglabert)
864879	None	enhanced_cascade_cv(banglabert->enhanced_banglabert)
654023	None	enhanced_cascade_cv(banglabert->enhanced_banglabert)
346640	Organization	enhanced_cascade_cv(banglabert->enhanced_banglabert)
218545	Organization	enhanced_cascade_cv(banglabert->enhanced_banglabert)
504398	Community	enhanced_cascade_cv(banglabert->enhanced_banglabert)
535040	None	enhanced_cascade_cv(banglabert->enhanced_banglabert)
581206	Individual	enhanced_cascade_cv(banglabert->enhanced_banglabert)
688895	None	enhanced_cascade_cv(banglabert->enhanced_banglabert)
21299	None	enhanced_cascade_cv(banglabert->enhanced_banglabert)
656711	None	enhanced_cascade_cv(banglabert->enhanced_banglabert)
924302	Organization	enhanced_cascade_cv(banglabert->enhanced_banglabert)
245901	None	enhanced_cascade_cv(banglabert->enhanced_banglabert)
297501	Individual	enhanced_cascade_cv(banglabert->enhanced_banglabert)
169033	None	enhanced_cascade_cv(banglabert->enhanced_banglabert)
905454	None	enhanced_cascade_cv(banglabert->enhanced_banglabert)
249275	Individual	enhanced_cascade_cv(banglabert->enhanced_banglabert)
772102	Organization	enhanced_cascade_cv(banglabert->enhanced_banglabert)
107477	Individual	enhanced_cascade_cv(banglabert->enhanced_banglabert)
769166	Community	enhanced_cascade_cv(banglabert->enhanced_banglabert)
738287	Society	enhanced_cascade_cv(banglabert->enhanced_banglabert)
455550	None	enhanced_cascade_cv(banglabert->enhanced_banglabert)
868709	None	enhanced_cascade_cv(banglabert->enhanced_banglabert)
409197	Organization	enhanced_cascade_cv(banglabert->enhanced_banglabert)
815089	Society	enhanced_cascade_cv(banglabert->enhanced_banglabert)
872087	None	enhanced_cascade_cv(banglabert->enhanced_banglabert)
875589	Organization	enhanced_cascade_cv(banglabert->enhanced_banglabert)
633067	None	enhanced_cascade_cv(banglabert->enhanced_banglabert)
198396	Organization	enhanced_cascade_cv(banglabert->enhanced_banglabert)
936161	Individual	enhanced_cascade_cv(banglabert->enhanced_banglabert)
262644	None	enhanced_cascade_cv(banglabert->enhanced_banglabert)
376125	Individual	enhanced_cascade_cv(banglabert->enhanced_banglabert)
70191	Individual	enhanced_cascade_cv(banglabert->enhanced_banglabert)
258234	None	enhanced_cascade_cv(banglabert->enhanced_banglabert)
188889	None	enhanced_cascade_cv(banglabert->enhanced_banglabert)
204063	Individual	enhanced_cascade_cv(banglabert->enhanced_banglabert)
443709	Individual	enhanced_cascade_cv(banglabert->enhanced_banglabert)
165654	Individual	enhanced_cascade_cv(banglabert->enhanced_banglabert)
796582	Society	enhanced_cascade_cv(banglabert->enhanced_banglabert)
554434	None	enhanced_cascade_cv(banglabert->enhanced_banglabert)
447696	None	enhanced_cascade_cv(banglabert->enhanced_banglabert)
558140	Community	enhanced_cascade_cv(banglabert->enhanced_banglabert)
703224	None	enhanced_cascade_cv(banglabert->enhanced_banglabert)
148181	Community	enhanced_cascade_cv(banglabert->enhanced_banglabert)
620559	None	enhanced_cascade_cv(banglabert->enhanced_banglabert)
781591	Society	enhanced_cascade_cv(banglabert->enhanced_banglabert)
220555	None	enhanced_cascade_cv(banglabert->enhanced_banglabert)
844755	None	enhanced_cascade_cv(banglabert->enhanced_banglabert)
36259	Organization	enhanced_cascade_cv(banglabert->enhanced_banglabert)
665240	Individual	enhanced_cascade_cv(banglabert->enhanced_banglabert)
509247	None	enhanced_cascade_cv(banglabert->enhanced_banglabert)
149572	Individual	enhanced_cascade_cv(banglabert->enhanced_banglabert)
687526	Individual	enhanced_cascade_cv(banglabert->enhanced_banglabert)
163447	None	enhanced_cascade_cv(banglabert->enhanced_banglabert)
726820	None	enhanced_cascade_cv(banglabert->enhanced_banglabert)
782829	Community	enhanced_cascade_cv(banglabert->enhanced_banglabert)
19286	None	enhanced_cascade_cv(banglabert->enhanced_banglabert)
636979	Community	enhanced_cascade_cv(banglabert->enhanced_banglabert)
815378	None	enhanced_cascade_cv(banglabert->enhanced_banglabert)
148990	None	enhanced_cascade_cv(banglabert->enhanced_banglabert)
628676	None	enhanced_cascade_cv(banglabert->enhanced_banglabert)
181927	None	enhanced_cascade_cv(banglabert->enhanced_banglabert)
803045	None	enhanced_cascade_cv(banglabert->enhanced_banglabert)
203127	None	enhanced_cascade_cv(banglabert->enhanced_banglabert)
655706	None	enhanced_cascade_cv(banglabert->enhanced_banglabert)
258839	Organization	enhanced_cascade_cv(banglabert->enhanced_banglabert)
810665	Organization	enhanced_cascade_cv(banglabert->enhanced_banglabert)
458447	None	enhanced_cascade_cv(banglabert->enhanced_banglabert)
771093	None	enhanced_cascade_cv(banglabert->enhanced_banglabert)
67115	None	enhanced_cascade_cv(banglabert->enhanced_banglabert)
15416	Individual	enhanced_cascade_cv(banglabert->enhanced_banglabert)
802054	Individual	enhanced_cascade_cv(banglabert->enhanced_banglabert)
293052	None	enhanced_cascade_cv(banglabert->enhanced_banglabert)
889040	None	enhanced_cascade_cv(banglabert->enhanced_banglabert)
604710	None	enhanced_cascade_cv(banglabert->enhanced_banglabert)
197557	None	enhanced_cascade_cv(banglabert->enhanced_banglabert)
644229	None	enhanced_cascade_cv(banglabert->enhanced_banglabert)
451484	Individual	enhanced_cascade_cv(banglabert->enhanced_banglabert)
613091	None	enhanced_cascade_cv(banglabert->enhanced_banglabert)
557654	None	enhanced_cascade_cv(banglabert->enhanced_banglabert)
567658	Society	enhanced_cascade_cv(banglabert->enhanced_banglabert)
684226	None	enhanced_cascade_cv(banglabert->enhanced_banglabert)
21468	None	enhanced_cascade_cv(banglabert->enhanced_banglabert)
332442	None	enhanced_cascade_cv(banglabert->enhanced_banglabert)
315806	None	enhanced_cascade_cv(banglabert->enhanced_banglabert)
202026	None	enhanced_cascade_cv(banglabert->enhanced_banglabert)
18029	None	enhanced_cascade_cv(banglabert->enhanced_banglabert)
145440	None	enhanced_cascade_cv(banglabert->enhanced_banglabert)
97042	Organization	enhanced_cascade_cv(banglabert->enhanced_banglabert)
13118	Society	enhanced_cascade_cv(banglabert->enhanced_banglabert)
692161	None	enhanced_cascade_cv(banglabert->enhanced_banglabert)
302295	Organization	enhanced_cascade_cv(banglabert->enhanced_banglabert)
24563	None	enhanced_cascade_cv(banglabert->enhanced_banglabert)
692332	Individual	enhanced_cascade_cv(banglabert->enhanced_banglabert)
301983	Individual	enhanced_cascade_cv(banglabert->enhanced_banglabert)
617592	Individual	enhanced_cascade_cv(banglabert->enhanced_banglabert)
326395	Individual	enhanced_cascade_cv(banglabert->enhanced_banglabert)
587331	None	enhanced_cascade_cv(banglabert->enhanced_banglabert)
393621	Organization	enhanced_cascade_cv(banglabert->enhanced_banglabert)
152523	Community	enhanced_cascade_cv(banglabert->enhanced_banglabert)
550649	Organization	enhanced_cascade_cv(banglabert->enhanced_banglabert)
559356	None	enhanced_cascade_cv(banglabert->enhanced_banglabert)
655020	None	enhanced_cascade_cv(banglabert->enhanced_banglabert)
709901	Community	enhanced_cascade_cv(banglabert->enhanced_banglabert)
500126	None	enhanced_cascade_cv(banglabert->enhanced_banglabert)
633507	None	enhanced_cascade_cv(banglabert->enhanced_banglabert)
311217	Community	enhanced_cascade_cv(banglabert->enhanced_banglabert)
613094	None	enhanced_cascade_cv(banglabert->enhanced_banglabert)
726032	Society	enhanced_cascade_cv(banglabert->enhanced_banglabert)
17722	None	enhanced_cascade_cv(banglabert->enhanced_banglabert)
266041	None	enhanced_cascade_cv(banglabert->enhanced_banglabert)
175964	None	enhanced_cascade_cv(banglabert->enhanced_banglabert)
774401	Individual	enhanced_cascade_cv(banglabert->enhanced_banglabert)
643230	None	enhanced_cascade_cv(banglabert->enhanced_banglabert)
646946	Individual	enhanced_cascade_cv(banglabert->enhanced_banglabert)
185531	Organization	enhanced_cascade_cv(banglabert->enhanced_banglabert)
803781	None	enhanced_cascade_cv(banglabert->enhanced_banglabert)
128232	None	enhanced_cascade_cv(banglabert->enhanced_banglabert)
435155	Society	enhanced_cascade_cv(banglabert->enhanced_banglabert)
204398	Individual	enhanced_cascade_cv(banglabert->enhanced_banglabert)
278920	None	enhanced_cascade_cv(banglabert->enhanced_banglabert)
358187	None	enhanced_cascade_cv(banglabert->enhanced_banglabert)
807948	None	enhanced_cascade_cv(banglabert->enhanced_banglabert)
528962	None	enhanced_cascade_cv(banglabert->enhanced_banglabert)
699149	None	enhanced_cascade_cv(banglabert->enhanced_banglabert)
352893	None	enhanced_cascade_cv(banglabert->enhanced_banglabert)
475852	None	enhanced_cascade_cv(banglabert->enhanced_banglabert)
664249	None	enhanced_cascade_cv(banglabert->enhanced_banglabert)
644385	None	enhanced_cascade_cv(banglabert->enhanced_banglabert)
552714	Organization	enhanced_cascade_cv(banglabert->enhanced_banglabert)
470502	None	enhanced_cascade_cv(banglabert->enhanced_banglabert)
842530	None	enhanced_cascade_cv(banglabert->enhanced_banglabert)
392217	Individual	enhanced_cascade_cv(banglabert->enhanced_banglabert)
910822	Individual	enhanced_cascade_cv(banglabert->enhanced_banglabert)
875780	Community	enhanced_cascade_cv(banglabert->enhanced_banglabert)
59746	None	enhanced_cascade_cv(banglabert->enhanced_banglabert)
73292	Organization	enhanced_cascade_cv(banglabert->enhanced_banglabert)
294134	None	enhanced_cascade_cv(banglabert->enhanced_banglabert)
66565	None	enhanced_cascade_cv(banglabert->enhanced_banglabert)
213232	Organization	enhanced_cascade_cv(banglabert->enhanced_banglabert)
394717	None	enhanced_cascade_cv(banglabert->enhanced_banglabert)
896133	None	enhanced_cascade_cv(banglabert->enhanced_banglabert)
735755	None	enhanced_cascade_cv(banglabert->enhanced_banglabert)
344996	None	enhanced_cascade_cv(banglabert->enhanced_banglabert)
914281	None	enhanced_cascade_cv(banglabert->enhanced_banglabert)
784938	Individual	enhanced_cascade_cv(banglabert->enhanced_banglabert)
854259	Community	enhanced_cascade_cv(banglabert->enhanced_banglabert)
160275	Organization	enhanced_cascade_cv(banglabert->enhanced_banglabert)
768434	None	enhanced_cascade_cv(banglabert->enhanced_banglabert)
740283	None	enhanced_cascade_cv(banglabert->enhanced_banglabert)
722586	None	enhanced_cascade_cv(banglabert->enhanced_banglabert)
901989	None	enhanced_cascade_cv(banglabert->enhanced_banglabert)
219414	None	enhanced_cascade_cv(banglabert->enhanced_banglabert)
283848	None	enhanced_cascade_cv(banglabert->enhanced_banglabert)
212406	None	enhanced_cascade_cv(banglabert->enhanced_banglabert)
254391	None	enhanced_cascade_cv(banglabert->enhanced_banglabert)
268735	None	enhanced_cascade_cv(banglabert->enhanced_banglabert)
98391	Individual	enhanced_cascade_cv(banglabert->enhanced_banglabert)
848370	Community	enhanced_cascade_cv(banglabert->enhanced_banglabert)
798899	None	enhanced_cascade_cv(banglabert->enhanced_banglabert)
177060	None	enhanced_cascade_cv(banglabert->enhanced_banglabert)
782833	None	enhanced_cascade_cv(banglabert->enhanced_banglabert)
709671	Community	enhanced_cascade_cv(banglabert->enhanced_banglabert)
854989	Individual	enhanced_cascade_cv(banglabert->enhanced_banglabert)
373841	None	enhanced_cascade_cv(banglabert->enhanced_banglabert)
34407	Organization	enhanced_cascade_cv(banglabert->enhanced_banglabert)
9026	None	enhanced_cascade_cv(banglabert->enhanced_banglabert)
842908	Organization	enhanced_cascade_cv(banglabert->enhanced_banglabert)
556978	None	enhanced_cascade_cv(banglabert->enhanced_banglabert)
185976	None	enhanced_cascade_cv(banglabert->enhanced_banglabert)
439801	None	enhanced_cascade_cv(banglabert->enhanced_banglabert)
760600	None	enhanced_cascade_cv(banglabert->enhanced_banglabert)
906878	None	enhanced_cascade_cv(banglabert->enhanced_banglabert)
9324	None	enhanced_cascade_cv(banglabert->enhanced_banglabert)
720211	Society	enhanced_cascade_cv(banglabert->enhanced_banglabert)
344629	None	enhanced_cascade_cv(banglabert->enhanced_banglabert)
836105	Organization	enhanced_cascade_cv(banglabert->enhanced_banglabert)
137902	Community	enhanced_cascade_cv(banglabert->enhanced_banglabert)
190967	Organization	enhanced_cascade_cv(banglabert->enhanced_banglabert)
928441	None	enhanced_cascade_cv(banglabert->enhanced_banglabert)
314097	None	enhanced_cascade_cv(banglabert->enhanced_banglabert)
474511	None	enhanced_cascade_cv(banglabert->enhanced_banglabert)
490405	Organization	enhanced_cascade_cv(banglabert->enhanced_banglabert)
778407	None	enhanced_cascade_cv(banglabert->enhanced_banglabert)
173929	Individual	enhanced_cascade_cv(banglabert->enhanced_banglabert)
859642	None	enhanced_cascade_cv(banglabert->enhanced_banglabert)
591385	Community	enhanced_cascade_cv(banglabert->enhanced_banglabert)
656338	Organization	enhanced_cascade_cv(banglabert->enhanced_banglabert)
82018	Community	enhanced_cascade_cv(banglabert->enhanced_banglabert)
378150	Organization	enhanced_cascade_cv(banglabert->enhanced_banglabert)
804298	None	enhanced_cascade_cv(banglabert->enhanced_banglabert)
396604	Society	enhanced_cascade_cv(banglabert->enhanced_banglabert)
874183	None	enhanced_cascade_cv(banglabert->enhanced_banglabert)
921981	Individual	enhanced_cascade_cv(banglabert->enhanced_banglabert)
135377	Community	enhanced_cascade_cv(banglabert->enhanced_banglabert)
414998	Organization	enhanced_cascade_cv(banglabert->enhanced_banglabert)
7446	None	enhanced_cascade_cv(banglabert->enhanced_banglabert)
303854	Organization	enhanced_cascade_cv(banglabert->enhanced_banglabert)
417549	Organization	enhanced_cascade_cv(banglabert->enhanced_banglabert)
811728	Individual	enhanced_cascade_cv(banglabert->enhanced_banglabert)
65607	Organization	enhanced_cascade_cv(banglabert->enhanced_banglabert)
576989	None	enhanced_cascade_cv(banglabert->enhanced_banglabert)
649835	Community	enhanced_cascade_cv(banglabert->enhanced_banglabert)
293416	None	enhanced_cascade_cv(banglabert->enhanced_banglabert)
39657	Society	enhanced_cascade_cv(banglabert->enhanced_banglabert)
824999	None	enhanced_cascade_cv(banglabert->enhanced_banglabert)
660424	Organization	enhanced_cascade_cv(banglabert->enhanced_banglabert)
792788	None	enhanced_cascade_cv(banglabert->enhanced_banglabert)
903201	None	enhanced_cascade_cv(banglabert->enhanced_banglabert)
399901	None	enhanced_cascade_cv(banglabert->enhanced_banglabert)
327576	Individual	enhanced_cascade_cv(banglabert->enhanced_banglabert)
916743	Individual	enhanced_cascade_cv(banglabert->enhanced_banglabert)
325872	Society	enhanced_cascade_cv(banglabert->enhanced_banglabert)
91341	Organization	enhanced_cascade_cv(banglabert->enhanced_banglabert)
156098	Community	enhanced_cascade_cv(banglabert->enhanced_banglabert)
416010	None	enhanced_cascade_cv(banglabert->enhanced_banglabert)
660313	None	enhanced_cascade_cv(banglabert->enhanced_banglabert)
764363	None	enhanced_cascade_cv(banglabert->enhanced_banglabert)
851971	None	enhanced_cascade_cv(banglabert->enhanced_banglabert)
938292	Organization	enhanced_cascade_cv(banglabert->enhanced_banglabert)
469173	None	enhanced_cascade_cv(banglabert->enhanced_banglabert)
274613	None	enhanced_cascade_cv(banglabert->enhanced_banglabert)
714568	None	enhanced_cascade_cv(banglabert->enhanced_banglabert)
666888	None	enhanced_cascade_cv(banglabert->enhanced_banglabert)
718562	None	enhanced_cascade_cv(banglabert->enhanced_banglabert)
548406	None	enhanced_cascade_cv(banglabert->enhanced_banglabert)
642716	None	enhanced_cascade_cv(banglabert->enhanced_banglabert)
281530	Individual	enhanced_cascade_cv(banglabert->enhanced_banglabert)
607917	None	enhanced_cascade_cv(banglabert->enhanced_banglabert)
846674	Individual	enhanced_cascade_cv(banglabert->enhanced_banglabert)
865698	None	enhanced_cascade_cv(banglabert->enhanced_banglabert)
747905	None	enhanced_cascade_cv(banglabert->enhanced_banglabert)
255166	None	enhanced_cascade_cv(banglabert->enhanced_banglabert)
710974	Society	enhanced_cascade_cv(banglabert->enhanced_banglabert)
937702	Individual	enhanced_cascade_cv(banglabert->enhanced_banglabert)
295034	None	enhanced_cascade_cv(banglabert->enhanced_banglabert)
243912	Organization	enhanced_cascade_cv(banglabert->enhanced_banglabert)
436179	None	enhanced_cascade_cv(banglabert->enhanced_banglabert)
95327	Individual	enhanced_cascade_cv(banglabert->enhanced_banglabert)
307827	None	enhanced_cascade_cv(banglabert->enhanced_banglabert)
436068	None	enhanced_cascade_cv(banglabert->enhanced_banglabert)
600298	None	enhanced_cascade_cv(banglabert->enhanced_banglabert)
680247	Society	enhanced_cascade_cv(banglabert->enhanced_banglabert)
673735	Individual	enhanced_cascade_cv(banglabert->enhanced_banglabert)
147718	None	enhanced_cascade_cv(banglabert->enhanced_banglabert)
620356	None	enhanced_cascade_cv(banglabert->enhanced_banglabert)
449561	None	enhanced_cascade_cv(banglabert->enhanced_banglabert)
618838	None	enhanced_cascade_cv(banglabert->enhanced_banglabert)
231363	Organization	enhanced_cascade_cv(banglabert->enhanced_banglabert)
266665	Organization	enhanced_cascade_cv(banglabert->enhanced_banglabert)
625708	None	enhanced_cascade_cv(banglabert->enhanced_banglabert)
768919	Society	enhanced_cascade_cv(banglabert->enhanced_banglabert)
543185	None	enhanced_cascade_cv(banglabert->enhanced_banglabert)
858410	None	enhanced_cascade_cv(banglabert->enhanced_banglabert)
623346	Individual	enhanced_cascade_cv(banglabert->enhanced_banglabert)
516860	None	enhanced_cascade_cv(banglabert->enhanced_banglabert)
176268	None	enhanced_cascade_cv(banglabert->enhanced_banglabert)
457871	Organization	enhanced_cascade_cv(banglabert->enhanced_banglabert)
751607	None	enhanced_cascade_cv(banglabert->enhanced_banglabert)
47592	None	enhanced_cascade_cv(banglabert->enhanced_banglabert)
575229	Individual	enhanced_cascade_cv(banglabert->enhanced_banglabert)
488277	None	enhanced_cascade_cv(banglabert->enhanced_banglabert)
207791	None	enhanced_cascade_cv(banglabert->enhanced_banglabert)
861178	Organization	enhanced_cascade_cv(banglabert->enhanced_banglabert)
603181	Organization	enhanced_cascade_cv(banglabert->enhanced_banglabert)
375357	None	enhanced_cascade_cv(banglabert->enhanced_banglabert)
481203	None	enhanced_cascade_cv(banglabert->enhanced_banglabert)
103285	None	enhanced_cascade_cv(banglabert->enhanced_banglabert)
664273	None	enhanced_cascade_cv(banglabert->enhanced_banglabert)
937529	None	enhanced_cascade_cv(banglabert->enhanced_banglabert)
264938	Individual	enhanced_cascade_cv(banglabert->enhanced_banglabert)
661763	Organization	enhanced_cascade_cv(banglabert->enhanced_banglabert)
244928	None	enhanced_cascade_cv(banglabert->enhanced_banglabert)
607172	None	enhanced_cascade_cv(banglabert->enhanced_banglabert)
686017	Community	enhanced_cascade_cv(banglabert->enhanced_banglabert)
385445	None	enhanced_cascade_cv(banglabert->enhanced_banglabert)
561648	None	enhanced_cascade_cv(banglabert->enhanced_banglabert)
317534	None	enhanced_cascade_cv(banglabert->enhanced_banglabert)
520585	None	enhanced_cascade_cv(banglabert->enhanced_banglabert)
224763	None	enhanced_cascade_cv(banglabert->enhanced_banglabert)
349561	None	enhanced_cascade_cv(banglabert->enhanced_banglabert)
555780	Organization	enhanced_cascade_cv(banglabert->enhanced_banglabert)
242998	None	enhanced_cascade_cv(banglabert->enhanced_banglabert)
669264	Individual	enhanced_cascade_cv(banglabert->enhanced_banglabert)
923339	None	enhanced_cascade_cv(banglabert->enhanced_banglabert)
443548	Society	enhanced_cascade_cv(banglabert->enhanced_banglabert)
880446	None	enhanced_cascade_cv(banglabert->enhanced_banglabert)
508557	None	enhanced_cascade_cv(banglabert->enhanced_banglabert)
561105	None	enhanced_cascade_cv(banglabert->enhanced_banglabert)
431309	Community	enhanced_cascade_cv(banglabert->enhanced_banglabert)
810674	None	enhanced_cascade_cv(banglabert->enhanced_banglabert)
57259	None	enhanced_cascade_cv(banglabert->enhanced_banglabert)
497925	None	enhanced_cascade_cv(banglabert->enhanced_banglabert)
679739	None	enhanced_cascade_cv(banglabert->enhanced_banglabert)
624662	Individual	enhanced_cascade_cv(banglabert->enhanced_banglabert)
328519	None	enhanced_cascade_cv(banglabert->enhanced_banglabert)
664378	None	enhanced_cascade_cv(banglabert->enhanced_banglabert)
665174	None	enhanced_cascade_cv(banglabert->enhanced_banglabert)
546153	Individual	enhanced_cascade_cv(banglabert->enhanced_banglabert)
121293	None	enhanced_cascade_cv(banglabert->enhanced_banglabert)
571921	None	enhanced_cascade_cv(banglabert->enhanced_banglabert)
334167	None	enhanced_cascade_cv(banglabert->enhanced_banglabert)
218853	None	enhanced_cascade_cv(banglabert->enhanced_banglabert)
246138	Organization	enhanced_cascade_cv(banglabert->enhanced_banglabert)
644256	Organization	enhanced_cascade_cv(banglabert->enhanced_banglabert)
36888	Community	enhanced_cascade_cv(banglabert->enhanced_banglabert)
18826	None	enhanced_cascade_cv(banglabert->enhanced_banglabert)
857153	Individual	enhanced_cascade_cv(banglabert->enhanced_banglabert)
490618	Community	enhanced_cascade_cv(banglabert->enhanced_banglabert)
45733	None	enhanced_cascade_cv(banglabert->enhanced_banglabert)
791441	None	enhanced_cascade_cv(banglabert->enhanced_banglabert)
605376	Individual	enhanced_cascade_cv(banglabert->enhanced_banglabert)
27457	None	enhanced_cascade_cv(banglabert->enhanced_banglabert)
713384	None	enhanced_cascade_cv(banglabert->enhanced_banglabert)
278441	None	enhanced_cascade_cv(banglabert->enhanced_banglabert)
47498	None	enhanced_cascade_cv(banglabert->enhanced_banglabert)
466551	Organization	enhanced_cascade_cv(banglabert->enhanced_banglabert)
100720	None	enhanced_cascade_cv(banglabert->enhanced_banglabert)
288796	None	enhanced_cascade_cv(banglabert->enhanced_banglabert)
73582	Individual	enhanced_cascade_cv(banglabert->enhanced_banglabert)
897996	Organization	enhanced_cascade_cv(banglabert->enhanced_banglabert)
44623	None	enhanced_cascade_cv(banglabert->enhanced_banglabert)
421034	None	enhanced_cascade_cv(banglabert->enhanced_banglabert)
593154	None	enhanced_cascade_cv(banglabert->enhanced_banglabert)
880223	None	enhanced_cascade_cv(banglabert->enhanced_banglabert)
199612	None	enhanced_cascade_cv(banglabert->enhanced_banglabert)
565324	None	enhanced_cascade_cv(banglabert->enhanced_banglabert)
695258	None	enhanced_cascade_cv(banglabert->enhanced_banglabert)
135009	None	enhanced_cascade_cv(banglabert->enhanced_banglabert)
32048	None	enhanced_cascade_cv(banglabert->enhanced_banglabert)
554468	Community	enhanced_cascade_cv(banglabert->enhanced_banglabert)
514675	Individual	enhanced_cascade_cv(banglabert->enhanced_banglabert)
899980	Individual	enhanced_cascade_cv(banglabert->enhanced_banglabert)
115144	None	enhanced_cascade_cv(banglabert->enhanced_banglabert)
391495	None	enhanced_cascade_cv(banglabert->enhanced_banglabert)
288558	None	enhanced_cascade_cv(banglabert->enhanced_banglabert)
388586	Community	enhanced_cascade_cv(banglabert->enhanced_banglabert)
359443	None	enhanced_cascade_cv(banglabert->enhanced_banglabert)
416976	None	enhanced_cascade_cv(banglabert->enhanced_banglabert)
373910	None	enhanced_cascade_cv(banglabert->enhanced_banglabert)
858336	Organization	enhanced_cascade_cv(banglabert->enhanced_banglabert)
740193	None	enhanced_cascade_cv(banglabert->enhanced_banglabert)
124930	None	enhanced_cascade_cv(banglabert->enhanced_banglabert)
52750	Community	enhanced_cascade_cv(banglabert->enhanced_banglabert)
654765	None	enhanced_cascade_cv(banglabert->enhanced_banglabert)
134955	None	enhanced_cascade_cv(banglabert->enhanced_banglabert)
697061	Organization	enhanced_cascade_cv(banglabert->enhanced_banglabert)
860159	Individual	enhanced_cascade_cv(banglabert->enhanced_banglabert)
53710	Individual	enhanced_cascade_cv(banglabert->enhanced_banglabert)
259678	Individual	enhanced_cascade_cv(banglabert->enhanced_banglabert)
255310	None	enhanced_cascade_cv(banglabert->enhanced_banglabert)
40470	None	enhanced_cascade_cv(banglabert->enhanced_banglabert)
187174	None	enhanced_cascade_cv(banglabert->enhanced_banglabert)
630825	Organization	enhanced_cascade_cv(banglabert->enhanced_banglabert)
544914	Individual	enhanced_cascade_cv(banglabert->enhanced_banglabert)
21444	None	enhanced_cascade_cv(banglabert->enhanced_banglabert)
838484	None	enhanced_cascade_cv(banglabert->enhanced_banglabert)
199294	Community	enhanced_cascade_cv(banglabert->enhanced_banglabert)
655391	None	enhanced_cascade_cv(banglabert->enhanced_banglabert)
87400	Organization	enhanced_cascade_cv(banglabert->enhanced_banglabert)
50328	None	enhanced_cascade_cv(banglabert->enhanced_banglabert)
617659	None	enhanced_cascade_cv(banglabert->enhanced_banglabert)
817564	None	enhanced_cascade_cv(banglabert->enhanced_banglabert)
379195	None	enhanced_cascade_cv(banglabert->enhanced_banglabert)
796812	None	enhanced_cascade_cv(banglabert->enhanced_banglabert)
304493	None	enhanced_cascade_cv(banglabert->enhanced_banglabert)
656423	Community	enhanced_cascade_cv(banglabert->enhanced_banglabert)
264212	None	enhanced_cascade_cv(banglabert->enhanced_banglabert)
450090	None	enhanced_cascade_cv(banglabert->enhanced_banglabert)
690895	Individual	enhanced_cascade_cv(banglabert->enhanced_banglabert)
155604	None	enhanced_cascade_cv(banglabert->enhanced_banglabert)
483184	None	enhanced_cascade_cv(banglabert->enhanced_banglabert)
292951	Organization	enhanced_cascade_cv(banglabert->enhanced_banglabert)
406124	Individual	enhanced_cascade_cv(banglabert->enhanced_banglabert)
159296	None	enhanced_cascade_cv(banglabert->enhanced_banglabert)
784090	None	enhanced_cascade_cv(banglabert->enhanced_banglabert)
725313	None	enhanced_cascade_cv(banglabert->enhanced_banglabert)
652421	Community	enhanced_cascade_cv(banglabert->enhanced_banglabert)
293711	None	enhanced_cascade_cv(banglabert->enhanced_banglabert)
658188	Community	enhanced_cascade_cv(banglabert->enhanced_banglabert)
591969	Organization	enhanced_cascade_cv(banglabert->enhanced_banglabert)
763171	Individual	enhanced_cascade_cv(banglabert->enhanced_banglabert)
260841	Individual	enhanced_cascade_cv(banglabert->enhanced_banglabert)
694696	None	enhanced_cascade_cv(banglabert->enhanced_banglabert)
662641	None	enhanced_cascade_cv(banglabert->enhanced_banglabert)
266736	None	enhanced_cascade_cv(banglabert->enhanced_banglabert)
622529	None	enhanced_cascade_cv(banglabert->enhanced_banglabert)
484827	None	enhanced_cascade_cv(banglabert->enhanced_banglabert)
535784	Individual	enhanced_cascade_cv(banglabert->enhanced_banglabert)
869846	None	enhanced_cascade_cv(banglabert->enhanced_banglabert)
295092	Individual	enhanced_cascade_cv(banglabert->enhanced_banglabert)
632604	None	enhanced_cascade_cv(banglabert->enhanced_banglabert)
399406	Community	enhanced_cascade_cv(banglabert->enhanced_banglabert)
934088	None	enhanced_cascade_cv(banglabert->enhanced_banglabert)
555931	Individual	enhanced_cascade_cv(banglabert->enhanced_banglabert)
226084	Organization	enhanced_cascade_cv(banglabert->enhanced_banglabert)
357793	None	enhanced_cascade_cv(banglabert->enhanced_banglabert)
935867	None	enhanced_cascade_cv(banglabert->enhanced_banglabert)
182205	None	enhanced_cascade_cv(banglabert->enhanced_banglabert)
846850	None	enhanced_cascade_cv(banglabert->enhanced_banglabert)
308113	None	enhanced_cascade_cv(banglabert->enhanced_banglabert)
479770	None	enhanced_cascade_cv(banglabert->enhanced_banglabert)
697932	Community	enhanced_cascade_cv(banglabert->enhanced_banglabert)
602955	Community	enhanced_cascade_cv(banglabert->enhanced_banglabert)
928047	None	enhanced_cascade_cv(banglabert->enhanced_banglabert)
749712	None	enhanced_cascade_cv(banglabert->enhanced_banglabert)
107458	Organization	enhanced_cascade_cv(banglabert->enhanced_banglabert)
445749	None	enhanced_cascade_cv(banglabert->enhanced_banglabert)
416489	Organization	enhanced_cascade_cv(banglabert->enhanced_banglabert)
157700	None	enhanced_cascade_cv(banglabert->enhanced_banglabert)
658692	None	enhanced_cascade_cv(banglabert->enhanced_banglabert)
285016	None	enhanced_cascade_cv(banglabert->enhanced_banglabert)
505818	None	enhanced_cascade_cv(banglabert->enhanced_banglabert)
268310	Community	enhanced_cascade_cv(banglabert->enhanced_banglabert)
821688	Society	enhanced_cascade_cv(banglabert->enhanced_banglabert)
43155	None	enhanced_cascade_cv(banglabert->enhanced_banglabert)
381554	None	enhanced_cascade_cv(banglabert->enhanced_banglabert)
551261	None	enhanced_cascade_cv(banglabert->enhanced_banglabert)
92254	Individual	enhanced_cascade_cv(banglabert->enhanced_banglabert)
929172	None	enhanced_cascade_cv(banglabert->enhanced_banglabert)
321631	Individual	enhanced_cascade_cv(banglabert->enhanced_banglabert)
241714	Organization	enhanced_cascade_cv(banglabert->enhanced_banglabert)
191649	Organization	enhanced_cascade_cv(banglabert->enhanced_banglabert)
185931	Organization	enhanced_cascade_cv(banglabert->enhanced_banglabert)
516536	Community	enhanced_cascade_cv(banglabert->enhanced_banglabert)
181020	Community	enhanced_cascade_cv(banglabert->enhanced_banglabert)
84676	None	enhanced_cascade_cv(banglabert->enhanced_banglabert)
811207	Community	enhanced_cascade_cv(banglabert->enhanced_banglabert)
97120	Organization	enhanced_cascade_cv(banglabert->enhanced_banglabert)
355533	None	enhanced_cascade_cv(banglabert->enhanced_banglabert)
177425	None	enhanced_cascade_cv(banglabert->enhanced_banglabert)
451946	None	enhanced_cascade_cv(banglabert->enhanced_banglabert)
649756	Organization	enhanced_cascade_cv(banglabert->enhanced_banglabert)
853418	Individual	enhanced_cascade_cv(banglabert->enhanced_banglabert)
148395	Organization	enhanced_cascade_cv(banglabert->enhanced_banglabert)
610573	None	enhanced_cascade_cv(banglabert->enhanced_banglabert)
371823	Individual	enhanced_cascade_cv(banglabert->enhanced_banglabert)
483530	None	enhanced_cascade_cv(banglabert->enhanced_banglabert)
616797	None	enhanced_cascade_cv(banglabert->enhanced_banglabert)
8839	None	enhanced_cascade_cv(banglabert->enhanced_banglabert)
891631	None	enhanced_cascade_cv(banglabert->enhanced_banglabert)
402644	None	enhanced_cascade_cv(banglabert->enhanced_banglabert)
36167	None	enhanced_cascade_cv(banglabert->enhanced_banglabert)
774814	Community	enhanced_cascade_cv(banglabert->enhanced_banglabert)
277421	Community	enhanced_cascade_cv(banglabert->enhanced_banglabert)
479475	None	enhanced_cascade_cv(banglabert->enhanced_banglabert)
56465	Community	enhanced_cascade_cv(banglabert->enhanced_banglabert)
673967	None	enhanced_cascade_cv(banglabert->enhanced_banglabert)
199471	Individual	enhanced_cascade_cv(banglabert->enhanced_banglabert)
375451	None	enhanced_cascade_cv(banglabert->enhanced_banglabert)
363766	None	enhanced_cascade_cv(banglabert->enhanced_banglabert)
244132	None	enhanced_cascade_cv(banglabert->enhanced_banglabert)
828703	None	enhanced_cascade_cv(banglabert->enhanced_banglabert)
95782	None	enhanced_cascade_cv(banglabert->enhanced_banglabert)
843734	Individual	enhanced_cascade_cv(banglabert->enhanced_banglabert)
376775	Community	enhanced_cascade_cv(banglabert->enhanced_banglabert)
252993	None	enhanced_cascade_cv(banglabert->enhanced_banglabert)
636974	Society	enhanced_cascade_cv(banglabert->enhanced_banglabert)
212829	Society	enhanced_cascade_cv(banglabert->enhanced_banglabert)
692619	None	enhanced_cascade_cv(banglabert->enhanced_banglabert)
690136	None	enhanced_cascade_cv(banglabert->enhanced_banglabert)
847918	None	enhanced_cascade_cv(banglabert->enhanced_banglabert)
420886	Society	enhanced_cascade_cv(banglabert->enhanced_banglabert)
701851	None	enhanced_cascade_cv(banglabert->enhanced_banglabert)
412725	None	enhanced_cascade_cv(banglabert->enhanced_banglabert)
563649	None	enhanced_cascade_cv(banglabert->enhanced_banglabert)
261167	Individual	enhanced_cascade_cv(banglabert->enhanced_banglabert)
366169	Society	enhanced_cascade_cv(banglabert->enhanced_banglabert)
590745	None	enhanced_cascade_cv(banglabert->enhanced_banglabert)
511268	Community	enhanced_cascade_cv(banglabert->enhanced_banglabert)
135518	Community	enhanced_cascade_cv(banglabert->enhanced_banglabert)
828656	Individual	enhanced_cascade_cv(banglabert->enhanced_banglabert)
366620	Individual	enhanced_cascade_cv(banglabert->enhanced_banglabert)
887160	None	enhanced_cascade_cv(banglabert->enhanced_banglabert)
497271	None	enhanced_cascade_cv(banglabert->enhanced_banglabert)
767182	Society	enhanced_cascade_cv(banglabert->enhanced_banglabert)
472210	None	enhanced_cascade_cv(banglabert->enhanced_banglabert)
847239	None	enhanced_cascade_cv(banglabert->enhanced_banglabert)
564486	Individual	enhanced_cascade_cv(banglabert->enhanced_banglabert)
451241	Community	enhanced_cascade_cv(banglabert->enhanced_banglabert)
91301	None	enhanced_cascade_cv(banglabert->enhanced_banglabert)
784843	Society	enhanced_cascade_cv(banglabert->enhanced_banglabert)
764679	Community	enhanced_cascade_cv(banglabert->enhanced_banglabert)
256714	None	enhanced_cascade_cv(banglabert->enhanced_banglabert)
102274	Individual	enhanced_cascade_cv(banglabert->enhanced_banglabert)
507612	Organization	enhanced_cascade_cv(banglabert->enhanced_banglabert)
480822	None	enhanced_cascade_cv(banglabert->enhanced_banglabert)
350688	None	enhanced_cascade_cv(banglabert->enhanced_banglabert)
910655	None	enhanced_cascade_cv(banglabert->enhanced_banglabert)
246844	None	enhanced_cascade_cv(banglabert->enhanced_banglabert)
355022	None	enhanced_cascade_cv(banglabert->enhanced_banglabert)
294243	None	enhanced_cascade_cv(banglabert->enhanced_banglabert)
901690	None	enhanced_cascade_cv(banglabert->enhanced_banglabert)
440818	None	enhanced_cascade_cv(banglabert->enhanced_banglabert)
879405	None	enhanced_cascade_cv(banglabert->enhanced_banglabert)
384522	None	enhanced_cascade_cv(banglabert->enhanced_banglabert)
72555	Community	enhanced_cascade_cv(banglabert->enhanced_banglabert)
280006	Individual	enhanced_cascade_cv(banglabert->enhanced_banglabert)
653116	Community	enhanced_cascade_cv(banglabert->enhanced_banglabert)
327618	None	enhanced_cascade_cv(banglabert->enhanced_banglabert)
241253	None	enhanced_cascade_cv(banglabert->enhanced_banglabert)
258037	None	enhanced_cascade_cv(banglabert->enhanced_banglabert)
827493	None	enhanced_cascade_cv(banglabert->enhanced_banglabert)
578240	None	enhanced_cascade_cv(banglabert->enhanced_banglabert)
842264	None	enhanced_cascade_cv(banglabert->enhanced_banglabert)
436249	Society	enhanced_cascade_cv(banglabert->enhanced_banglabert)
341016	Individual	enhanced_cascade_cv(banglabert->enhanced_banglabert)
480016	Society	enhanced_cascade_cv(banglabert->enhanced_banglabert)
128807	None	enhanced_cascade_cv(banglabert->enhanced_banglabert)
588589	None	enhanced_cascade_cv(banglabert->enhanced_banglabert)
158310	Individual	enhanced_cascade_cv(banglabert->enhanced_banglabert)
142014	None	enhanced_cascade_cv(banglabert->enhanced_banglabert)
514524	None	enhanced_cascade_cv(banglabert->enhanced_banglabert)
344543	Organization	enhanced_cascade_cv(banglabert->enhanced_banglabert)
638626	Organization	enhanced_cascade_cv(banglabert->enhanced_banglabert)
780734	None	enhanced_cascade_cv(banglabert->enhanced_banglabert)
377066	None	enhanced_cascade_cv(banglabert->enhanced_banglabert)
423990	Society	enhanced_cascade_cv(banglabert->enhanced_banglabert)
740521	Community	enhanced_cascade_cv(banglabert->enhanced_banglabert)
540416	Community	enhanced_cascade_cv(banglabert->enhanced_banglabert)
548189	Organization	enhanced_cascade_cv(banglabert->enhanced_banglabert)
378696	None	enhanced_cascade_cv(banglabert->enhanced_banglabert)
938297	None	enhanced_cascade_cv(banglabert->enhanced_banglabert)
708843	None	enhanced_cascade_cv(banglabert->enhanced_banglabert)
880270	None	enhanced_cascade_cv(banglabert->enhanced_banglabert)
350922	Individual	enhanced_cascade_cv(banglabert->enhanced_banglabert)
866904	Individual	enhanced_cascade_cv(banglabert->enhanced_banglabert)
627624	None	enhanced_cascade_cv(banglabert->enhanced_banglabert)
484112	Community	enhanced_cascade_cv(banglabert->enhanced_banglabert)
515915	Community	enhanced_cascade_cv(banglabert->enhanced_banglabert)
683594	None	enhanced_cascade_cv(banglabert->enhanced_banglabert)
842327	None	enhanced_cascade_cv(banglabert->enhanced_banglabert)
425599	Individual	enhanced_cascade_cv(banglabert->enhanced_banglabert)
113948	Individual	enhanced_cascade_cv(banglabert->enhanced_banglabert)
313879	Individual	enhanced_cascade_cv(banglabert->enhanced_banglabert)
85554	Individual	enhanced_cascade_cv(banglabert->enhanced_banglabert)
271317	None	enhanced_cascade_cv(banglabert->enhanced_banglabert)
410214	Individual	enhanced_cascade_cv(banglabert->enhanced_banglabert)
722435	None	enhanced_cascade_cv(banglabert->enhanced_banglabert)
204229	Organization	enhanced_cascade_cv(banglabert->enhanced_banglabert)
702420	None	enhanced_cascade_cv(banglabert->enhanced_banglabert)
137780	Community	enhanced_cascade_cv(banglabert->enhanced_banglabert)
493400	None	enhanced_cascade_cv(banglabert->enhanced_banglabert)
904851	None	enhanced_cascade_cv(banglabert->enhanced_banglabert)
686482	Community	enhanced_cascade_cv(banglabert->enhanced_banglabert)
938284	None	enhanced_cascade_cv(banglabert->enhanced_banglabert)
841671	Individual	enhanced_cascade_cv(banglabert->enhanced_banglabert)
140390	Community	enhanced_cascade_cv(banglabert->enhanced_banglabert)
184108	Individual	enhanced_cascade_cv(banglabert->enhanced_banglabert)
292277	None	enhanced_cascade_cv(banglabert->enhanced_banglabert)
929899	Community	enhanced_cascade_cv(banglabert->enhanced_banglabert)
526431	None	enhanced_cascade_cv(banglabert->enhanced_banglabert)
893134	Individual	enhanced_cascade_cv(banglabert->enhanced_banglabert)
890583	Individual	enhanced_cascade_cv(banglabert->enhanced_banglabert)
903732	None	enhanced_cascade_cv(banglabert->enhanced_banglabert)
814195	None	enhanced_cascade_cv(banglabert->enhanced_banglabert)
400149	None	enhanced_cascade_cv(banglabert->enhanced_banglabert)
465326	None	enhanced_cascade_cv(banglabert->enhanced_banglabert)
887118	Individual	enhanced_cascade_cv(banglabert->enhanced_banglabert)
936789	None	enhanced_cascade_cv(banglabert->enhanced_banglabert)
153037	Organization	enhanced_cascade_cv(banglabert->enhanced_banglabert)
334859	None	enhanced_cascade_cv(banglabert->enhanced_banglabert)
282612	None	enhanced_cascade_cv(banglabert->enhanced_banglabert)
919765	None	enhanced_cascade_cv(banglabert->enhanced_banglabert)
391554	None	enhanced_cascade_cv(banglabert->enhanced_banglabert)
699932	None	enhanced_cascade_cv(banglabert->enhanced_banglabert)
913830	Individual	enhanced_cascade_cv(banglabert->enhanced_banglabert)
357870	None	enhanced_cascade_cv(banglabert->enhanced_banglabert)
860081	None	enhanced_cascade_cv(banglabert->enhanced_banglabert)
115683	Organization	enhanced_cascade_cv(banglabert->enhanced_banglabert)
225996	None	enhanced_cascade_cv(banglabert->enhanced_banglabert)
530013	Individual	enhanced_cascade_cv(banglabert->enhanced_banglabert)
43904	Organization	enhanced_cascade_cv(banglabert->enhanced_banglabert)
368985	None	enhanced_cascade_cv(banglabert->enhanced_banglabert)
10691	Society	enhanced_cascade_cv(banglabert->enhanced_banglabert)
501120	None	enhanced_cascade_cv(banglabert->enhanced_banglabert)
481482	None	enhanced_cascade_cv(banglabert->enhanced_banglabert)
885776	None	enhanced_cascade_cv(banglabert->enhanced_banglabert)
10255	None	enhanced_cascade_cv(banglabert->enhanced_banglabert)
774516	Society	enhanced_cascade_cv(banglabert->enhanced_banglabert)
811625	Society	enhanced_cascade_cv(banglabert->enhanced_banglabert)
591821	None	enhanced_cascade_cv(banglabert->enhanced_banglabert)
247740	Community	enhanced_cascade_cv(banglabert->enhanced_banglabert)
297412	None	enhanced_cascade_cv(banglabert->enhanced_banglabert)
622575	Individual	enhanced_cascade_cv(banglabert->enhanced_banglabert)
161738	Organization	enhanced_cascade_cv(banglabert->enhanced_banglabert)
383264	None	enhanced_cascade_cv(banglabert->enhanced_banglabert)
138218	None	enhanced_cascade_cv(banglabert->enhanced_banglabert)
81729	Organization	enhanced_cascade_cv(banglabert->enhanced_banglabert)
391512	None	enhanced_cascade_cv(banglabert->enhanced_banglabert)
126001	None	enhanced_cascade_cv(banglabert->enhanced_banglabert)
92694	None	enhanced_cascade_cv(banglabert->enhanced_banglabert)
506454	None	enhanced_cascade_cv(banglabert->enhanced_banglabert)
571230	None	enhanced_cascade_cv(banglabert->enhanced_banglabert)
440378	None	enhanced_cascade_cv(banglabert->enhanced_banglabert)
42878	None	enhanced_cascade_cv(banglabert->enhanced_banglabert)
636055	Society	enhanced_cascade_cv(banglabert->enhanced_banglabert)
916462	None	enhanced_cascade_cv(banglabert->enhanced_banglabert)
315066	Individual	enhanced_cascade_cv(banglabert->enhanced_banglabert)
910509	Society	enhanced_cascade_cv(banglabert->enhanced_banglabert)
435347	None	enhanced_cascade_cv(banglabert->enhanced_banglabert)
630516	Organization	enhanced_cascade_cv(banglabert->enhanced_banglabert)
15191	None	enhanced_cascade_cv(banglabert->enhanced_banglabert)
719856	None	enhanced_cascade_cv(banglabert->enhanced_banglabert)
32899	None	enhanced_cascade_cv(banglabert->enhanced_banglabert)
894099	None	enhanced_cascade_cv(banglabert->enhanced_banglabert)
396287	Individual	enhanced_cascade_cv(banglabert->enhanced_banglabert)
359669	Individual	enhanced_cascade_cv(banglabert->enhanced_banglabert)
630918	None	enhanced_cascade_cv(banglabert->enhanced_banglabert)
77438	None	enhanced_cascade_cv(banglabert->enhanced_banglabert)
227992	None	enhanced_cascade_cv(banglabert->enhanced_banglabert)
891639	Individual	enhanced_cascade_cv(banglabert->enhanced_banglabert)
705746	None	enhanced_cascade_cv(banglabert->enhanced_banglabert)
616203	None	enhanced_cascade_cv(banglabert->enhanced_banglabert)
518741	None	enhanced_cascade_cv(banglabert->enhanced_banglabert)
175143	None	enhanced_cascade_cv(banglabert->enhanced_banglabert)
819337	None	enhanced_cascade_cv(banglabert->enhanced_banglabert)
456846	None	enhanced_cascade_cv(banglabert->enhanced_banglabert)
690760	None	enhanced_cascade_cv(banglabert->enhanced_banglabert)
258045	Organization	enhanced_cascade_cv(banglabert->enhanced_banglabert)
657446	None	enhanced_cascade_cv(banglabert->enhanced_banglabert)
865198	None	enhanced_cascade_cv(banglabert->enhanced_banglabert)
263282	Society	enhanced_cascade_cv(banglabert->enhanced_banglabert)
20213	None	enhanced_cascade_cv(banglabert->enhanced_banglabert)
675201	None	enhanced_cascade_cv(banglabert->enhanced_banglabert)
249930	None	enhanced_cascade_cv(banglabert->enhanced_banglabert)
614663	Community	enhanced_cascade_cv(banglabert->enhanced_banglabert)
280302	Organization	enhanced_cascade_cv(banglabert->enhanced_banglabert)
605697	Individual	enhanced_cascade_cv(banglabert->enhanced_banglabert)
857164	None	enhanced_cascade_cv(banglabert->enhanced_banglabert)
804410	None	enhanced_cascade_cv(banglabert->enhanced_banglabert)
372219	None	enhanced_cascade_cv(banglabert->enhanced_banglabert)
827999	None	enhanced_cascade_cv(banglabert->enhanced_banglabert)
517899	Organization	enhanced_cascade_cv(banglabert->enhanced_banglabert)
77626	None	enhanced_cascade_cv(banglabert->enhanced_banglabert)
199645	Organization	enhanced_cascade_cv(banglabert->enhanced_banglabert)
341523	None	enhanced_cascade_cv(banglabert->enhanced_banglabert)
688057	Individual	enhanced_cascade_cv(banglabert->enhanced_banglabert)
326676	None	enhanced_cascade_cv(banglabert->enhanced_banglabert)
516736	None	enhanced_cascade_cv(banglabert->enhanced_banglabert)
717962	None	enhanced_cascade_cv(banglabert->enhanced_banglabert)
41675	None	enhanced_cascade_cv(banglabert->enhanced_banglabert)
357877	Individual	enhanced_cascade_cv(banglabert->enhanced_banglabert)
390046	Individual	enhanced_cascade_cv(banglabert->enhanced_banglabert)
354953	None	enhanced_cascade_cv(banglabert->enhanced_banglabert)
614343	None	enhanced_cascade_cv(banglabert->enhanced_banglabert)
610760	None	enhanced_cascade_cv(banglabert->enhanced_banglabert)
884508	None	enhanced_cascade_cv(banglabert->enhanced_banglabert)
662251	None	enhanced_cascade_cv(banglabert->enhanced_banglabert)
383121	None	enhanced_cascade_cv(banglabert->enhanced_banglabert)
775740	None	enhanced_cascade_cv(banglabert->enhanced_banglabert)
34559	Individual	enhanced_cascade_cv(banglabert->enhanced_banglabert)
499821	Individual	enhanced_cascade_cv(banglabert->enhanced_banglabert)
383945	Individual	enhanced_cascade_cv(banglabert->enhanced_banglabert)
606442	Individual	enhanced_cascade_cv(banglabert->enhanced_banglabert)
804689	None	enhanced_cascade_cv(banglabert->enhanced_banglabert)
357731	None	enhanced_cascade_cv(banglabert->enhanced_banglabert)
820833	None	enhanced_cascade_cv(banglabert->enhanced_banglabert)
917188	None	enhanced_cascade_cv(banglabert->enhanced_banglabert)
647145	None	enhanced_cascade_cv(banglabert->enhanced_banglabert)
78816	None	enhanced_cascade_cv(banglabert->enhanced_banglabert)
886246	None	enhanced_cascade_cv(banglabert->enhanced_banglabert)
50644	None	enhanced_cascade_cv(banglabert->enhanced_banglabert)
193334	Individual	enhanced_cascade_cv(banglabert->enhanced_banglabert)
708705	Community	enhanced_cascade_cv(banglabert->enhanced_banglabert)
293192	Organization	enhanced_cascade_cv(banglabert->enhanced_banglabert)
919870	Individual	enhanced_cascade_cv(banglabert->enhanced_banglabert)
357124	Community	enhanced_cascade_cv(banglabert->enhanced_banglabert)
38798	None	enhanced_cascade_cv(banglabert->enhanced_banglabert)
862386	None	enhanced_cascade_cv(banglabert->enhanced_banglabert)
785478	None	enhanced_cascade_cv(banglabert->enhanced_banglabert)
674373	None	enhanced_cascade_cv(banglabert->enhanced_banglabert)
48799	None	enhanced_cascade_cv(banglabert->enhanced_banglabert)
203766	None	enhanced_cascade_cv(banglabert->enhanced_banglabert)
58142	Individual	enhanced_cascade_cv(banglabert->enhanced_banglabert)
42705	None	enhanced_cascade_cv(banglabert->enhanced_banglabert)
260140	None	enhanced_cascade_cv(banglabert->enhanced_banglabert)
121455	None	enhanced_cascade_cv(banglabert->enhanced_banglabert)
3726	Community	enhanced_cascade_cv(banglabert->enhanced_banglabert)
348064	None	enhanced_cascade_cv(banglabert->enhanced_banglabert)
853432	Individual	enhanced_cascade_cv(banglabert->enhanced_banglabert)
841053	Individual	enhanced_cascade_cv(banglabert->enhanced_banglabert)
16845	Individual	enhanced_cascade_cv(banglabert->enhanced_banglabert)
606432	None	enhanced_cascade_cv(banglabert->enhanced_banglabert)
172038	None	enhanced_cascade_cv(banglabert->enhanced_banglabert)
527819	Organization	enhanced_cascade_cv(banglabert->enhanced_banglabert)
829016	None	enhanced_cascade_cv(banglabert->enhanced_banglabert)
750882	None	enhanced_cascade_cv(banglabert->enhanced_banglabert)
785346	Society	enhanced_cascade_cv(banglabert->enhanced_banglabert)
668618	None	enhanced_cascade_cv(banglabert->enhanced_banglabert)
835480	None	enhanced_cascade_cv(banglabert->enhanced_banglabert)
173440	None	enhanced_cascade_cv(banglabert->enhanced_banglabert)
403808	Community	enhanced_cascade_cv(banglabert->enhanced_banglabert)
276577	Community	enhanced_cascade_cv(banglabert->enhanced_banglabert)
121386	None	enhanced_cascade_cv(banglabert->enhanced_banglabert)
567129	None	enhanced_cascade_cv(banglabert->enhanced_banglabert)
408932	None	enhanced_cascade_cv(banglabert->enhanced_banglabert)
892280	None	enhanced_cascade_cv(banglabert->enhanced_banglabert)
889992	Individual	enhanced_cascade_cv(banglabert->enhanced_banglabert)
288872	None	enhanced_cascade_cv(banglabert->enhanced_banglabert)
338350	None	enhanced_cascade_cv(banglabert->enhanced_banglabert)
223427	Individual	enhanced_cascade_cv(banglabert->enhanced_banglabert)
330992	None	enhanced_cascade_cv(banglabert->enhanced_banglabert)
917064	None	enhanced_cascade_cv(banglabert->enhanced_banglabert)
168577	None	enhanced_cascade_cv(banglabert->enhanced_banglabert)
930288	None	enhanced_cascade_cv(banglabert->enhanced_banglabert)
852057	None	enhanced_cascade_cv(banglabert->enhanced_banglabert)
272482	None	enhanced_cascade_cv(banglabert->enhanced_banglabert)
252580	Organization	enhanced_cascade_cv(banglabert->enhanced_banglabert)
289791	Organization	enhanced_cascade_cv(banglabert->enhanced_banglabert)
599803	Society	enhanced_cascade_cv(banglabert->enhanced_banglabert)
424973	None	enhanced_cascade_cv(banglabert->enhanced_banglabert)
708064	None	enhanced_cascade_cv(banglabert->enhanced_banglabert)
295207	Community	enhanced_cascade_cv(banglabert->enhanced_banglabert)
271442	None	enhanced_cascade_cv(banglabert->enhanced_banglabert)
535846	None	enhanced_cascade_cv(banglabert->enhanced_banglabert)
891035	None	enhanced_cascade_cv(banglabert->enhanced_banglabert)
804958	None	enhanced_cascade_cv(banglabert->enhanced_banglabert)
402887	None	enhanced_cascade_cv(banglabert->enhanced_banglabert)
229956	Individual	enhanced_cascade_cv(banglabert->enhanced_banglabert)
673043	None	enhanced_cascade_cv(banglabert->enhanced_banglabert)
388892	Society	enhanced_cascade_cv(banglabert->enhanced_banglabert)
172143	Community	enhanced_cascade_cv(banglabert->enhanced_banglabert)
468270	None	enhanced_cascade_cv(banglabert->enhanced_banglabert)
586215	None	enhanced_cascade_cv(banglabert->enhanced_banglabert)
656625	None	enhanced_cascade_cv(banglabert->enhanced_banglabert)
473607	None	enhanced_cascade_cv(banglabert->enhanced_banglabert)
623707	Society	enhanced_cascade_cv(banglabert->enhanced_banglabert)
289248	Individual	enhanced_cascade_cv(banglabert->enhanced_banglabert)
7152	Community	enhanced_cascade_cv(banglabert->enhanced_banglabert)
830461	None	enhanced_cascade_cv(banglabert->enhanced_banglabert)
552280	None	enhanced_cascade_cv(banglabert->enhanced_banglabert)
841145	Individual	enhanced_cascade_cv(banglabert->enhanced_banglabert)
8381	Society	enhanced_cascade_cv(banglabert->enhanced_banglabert)
751349	None	enhanced_cascade_cv(banglabert->enhanced_banglabert)
770439	Organization	enhanced_cascade_cv(banglabert->enhanced_banglabert)
706187	None	enhanced_cascade_cv(banglabert->enhanced_banglabert)
571876	None	enhanced_cascade_cv(banglabert->enhanced_banglabert)
13296	Community	enhanced_cascade_cv(banglabert->enhanced_banglabert)
46332	None	enhanced_cascade_cv(banglabert->enhanced_banglabert)
37773	None	enhanced_cascade_cv(banglabert->enhanced_banglabert)
457828	Organization	enhanced_cascade_cv(banglabert->enhanced_banglabert)
694262	None	enhanced_cascade_cv(banglabert->enhanced_banglabert)
141121	None	enhanced_cascade_cv(banglabert->enhanced_banglabert)
65161	Organization	enhanced_cascade_cv(banglabert->enhanced_banglabert)
69477	None	enhanced_cascade_cv(banglabert->enhanced_banglabert)
765777	None	enhanced_cascade_cv(banglabert->enhanced_banglabert)
472217	None	enhanced_cascade_cv(banglabert->enhanced_banglabert)
248723	None	enhanced_cascade_cv(banglabert->enhanced_banglabert)
896538	None	enhanced_cascade_cv(banglabert->enhanced_banglabert)
425758	None	enhanced_cascade_cv(banglabert->enhanced_banglabert)
217647	Organization	enhanced_cascade_cv(banglabert->enhanced_banglabert)
234784	Organization	enhanced_cascade_cv(banglabert->enhanced_banglabert)
282000	None	enhanced_cascade_cv(banglabert->enhanced_banglabert)
928601	None	enhanced_cascade_cv(banglabert->enhanced_banglabert)
875526	None	enhanced_cascade_cv(banglabert->enhanced_banglabert)
364276	None	enhanced_cascade_cv(banglabert->enhanced_banglabert)
182110	Individual	enhanced_cascade_cv(banglabert->enhanced_banglabert)
660448	None	enhanced_cascade_cv(banglabert->enhanced_banglabert)
30836	Society	enhanced_cascade_cv(banglabert->enhanced_banglabert)
161384	Organization	enhanced_cascade_cv(banglabert->enhanced_banglabert)
326257	Individual	enhanced_cascade_cv(banglabert->enhanced_banglabert)
223838	Organization	enhanced_cascade_cv(banglabert->enhanced_banglabert)
144244	Community	enhanced_cascade_cv(banglabert->enhanced_banglabert)
127197	None	enhanced_cascade_cv(banglabert->enhanced_banglabert)
750407	None	enhanced_cascade_cv(banglabert->enhanced_banglabert)
135251	None	enhanced_cascade_cv(banglabert->enhanced_banglabert)
115647	Individual	enhanced_cascade_cv(banglabert->enhanced_banglabert)
262252	None	enhanced_cascade_cv(banglabert->enhanced_banglabert)
57869	None	enhanced_cascade_cv(banglabert->enhanced_banglabert)
795314	None	enhanced_cascade_cv(banglabert->enhanced_banglabert)
543542	None	enhanced_cascade_cv(banglabert->enhanced_banglabert)
512015	None	enhanced_cascade_cv(banglabert->enhanced_banglabert)
697959	None	enhanced_cascade_cv(banglabert->enhanced_banglabert)
648848	Organization	enhanced_cascade_cv(banglabert->enhanced_banglabert)
328137	None	enhanced_cascade_cv(banglabert->enhanced_banglabert)
93356	Community	enhanced_cascade_cv(banglabert->enhanced_banglabert)
254932	None	enhanced_cascade_cv(banglabert->enhanced_banglabert)
483430	Individual	enhanced_cascade_cv(banglabert->enhanced_banglabert)
315746	None	enhanced_cascade_cv(banglabert->enhanced_banglabert)
186628	None	enhanced_cascade_cv(banglabert->enhanced_banglabert)
51121	Organization	enhanced_cascade_cv(banglabert->enhanced_banglabert)
939441	Individual	enhanced_cascade_cv(banglabert->enhanced_banglabert)
72758	Individual	enhanced_cascade_cv(banglabert->enhanced_banglabert)
449245	None	enhanced_cascade_cv(banglabert->enhanced_banglabert)
654462	Community	enhanced_cascade_cv(banglabert->enhanced_banglabert)
203925	Individual	enhanced_cascade_cv(banglabert->enhanced_banglabert)
816276	None	enhanced_cascade_cv(banglabert->enhanced_banglabert)
231095	Organization	enhanced_cascade_cv(banglabert->enhanced_banglabert)
343762	Organization	enhanced_cascade_cv(banglabert->enhanced_banglabert)
913890	None	enhanced_cascade_cv(banglabert->enhanced_banglabert)
262883	Individual	enhanced_cascade_cv(banglabert->enhanced_banglabert)
181060	Community	enhanced_cascade_cv(banglabert->enhanced_banglabert)
638157	None	enhanced_cascade_cv(banglabert->enhanced_banglabert)
387983	None	enhanced_cascade_cv(banglabert->enhanced_banglabert)
99923	Organization	enhanced_cascade_cv(banglabert->enhanced_banglabert)
612038	None	enhanced_cascade_cv(banglabert->enhanced_banglabert)
797509	None	enhanced_cascade_cv(banglabert->enhanced_banglabert)
576902	Community	enhanced_cascade_cv(banglabert->enhanced_banglabert)
217189	Organization	enhanced_cascade_cv(banglabert->enhanced_banglabert)
79725	None	enhanced_cascade_cv(banglabert->enhanced_banglabert)
181071	Community	enhanced_cascade_cv(banglabert->enhanced_banglabert)
307743	None	enhanced_cascade_cv(banglabert->enhanced_banglabert)
642936	Individual	enhanced_cascade_cv(banglabert->enhanced_banglabert)
177337	Community	enhanced_cascade_cv(banglabert->enhanced_banglabert)
869287	None	enhanced_cascade_cv(banglabert->enhanced_banglabert)
27378	None	enhanced_cascade_cv(banglabert->enhanced_banglabert)
277314	None	enhanced_cascade_cv(banglabert->enhanced_banglabert)
773802	None	enhanced_cascade_cv(banglabert->enhanced_banglabert)
222746	Society	enhanced_cascade_cv(banglabert->enhanced_banglabert)
641132	None	enhanced_cascade_cv(banglabert->enhanced_banglabert)
512707	Organization	enhanced_cascade_cv(banglabert->enhanced_banglabert)
171541	Individual	enhanced_cascade_cv(banglabert->enhanced_banglabert)
608559	Organization	enhanced_cascade_cv(banglabert->enhanced_banglabert)
237526	None	enhanced_cascade_cv(banglabert->enhanced_banglabert)
470255	None	enhanced_cascade_cv(banglabert->enhanced_banglabert)
833692	Organization	enhanced_cascade_cv(banglabert->enhanced_banglabert)
468869	None	enhanced_cascade_cv(banglabert->enhanced_banglabert)
157965	None	enhanced_cascade_cv(banglabert->enhanced_banglabert)
214590	None	enhanced_cascade_cv(banglabert->enhanced_banglabert)
920859	None	enhanced_cascade_cv(banglabert->enhanced_banglabert)
913603	Individual	enhanced_cascade_cv(banglabert->enhanced_banglabert)
602881	Organization	enhanced_cascade_cv(banglabert->enhanced_banglabert)
28363	Society	enhanced_cascade_cv(banglabert->enhanced_banglabert)
2923	Community	enhanced_cascade_cv(banglabert->enhanced_banglabert)
666940	None	enhanced_cascade_cv(banglabert->enhanced_banglabert)
863856	None	enhanced_cascade_cv(banglabert->enhanced_banglabert)
356194	Community	enhanced_cascade_cv(banglabert->enhanced_banglabert)
369259	Society	enhanced_cascade_cv(banglabert->enhanced_banglabert)
378097	None	enhanced_cascade_cv(banglabert->enhanced_banglabert)
778892	Individual	enhanced_cascade_cv(banglabert->enhanced_banglabert)
822941	None	enhanced_cascade_cv(banglabert->enhanced_banglabert)
732632	Organization	enhanced_cascade_cv(banglabert->enhanced_banglabert)
591760	None	enhanced_cascade_cv(banglabert->enhanced_banglabert)
281401	Organization	enhanced_cascade_cv(banglabert->enhanced_banglabert)
339830	None	enhanced_cascade_cv(banglabert->enhanced_banglabert)
350739	Community	enhanced_cascade_cv(banglabert->enhanced_banglabert)
835112	None	enhanced_cascade_cv(banglabert->enhanced_banglabert)
150060	None	enhanced_cascade_cv(banglabert->enhanced_banglabert)
404133	None	enhanced_cascade_cv(banglabert->enhanced_banglabert)
281405	Individual	enhanced_cascade_cv(banglabert->enhanced_banglabert)
455745	Community	enhanced_cascade_cv(banglabert->enhanced_banglabert)
284651	None	enhanced_cascade_cv(banglabert->enhanced_banglabert)
736709	Society	enhanced_cascade_cv(banglabert->enhanced_banglabert)
615475	None	enhanced_cascade_cv(banglabert->enhanced_banglabert)
266367	Organization	enhanced_cascade_cv(banglabert->enhanced_banglabert)
876393	Individual	enhanced_cascade_cv(banglabert->enhanced_banglabert)
562287	None	enhanced_cascade_cv(banglabert->enhanced_banglabert)
851364	Organization	enhanced_cascade_cv(banglabert->enhanced_banglabert)
696735	Society	enhanced_cascade_cv(banglabert->enhanced_banglabert)
606916	Society	enhanced_cascade_cv(banglabert->enhanced_banglabert)
631717	None	enhanced_cascade_cv(banglabert->enhanced_banglabert)
718956	None	enhanced_cascade_cv(banglabert->enhanced_banglabert)
746394	None	enhanced_cascade_cv(banglabert->enhanced_banglabert)
471468	Individual	enhanced_cascade_cv(banglabert->enhanced_banglabert)
864040	None	enhanced_cascade_cv(banglabert->enhanced_banglabert)
605970	Organization	enhanced_cascade_cv(banglabert->enhanced_banglabert)
665969	None	enhanced_cascade_cv(banglabert->enhanced_banglabert)
53241	None	enhanced_cascade_cv(banglabert->enhanced_banglabert)
921091	None	enhanced_cascade_cv(banglabert->enhanced_banglabert)
102948	None	enhanced_cascade_cv(banglabert->enhanced_banglabert)
551823	None	enhanced_cascade_cv(banglabert->enhanced_banglabert)
118147	None	enhanced_cascade_cv(banglabert->enhanced_banglabert)
63294	None	enhanced_cascade_cv(banglabert->enhanced_banglabert)
296932	None	enhanced_cascade_cv(banglabert->enhanced_banglabert)
673400	None	enhanced_cascade_cv(banglabert->enhanced_banglabert)
895808	Individual	enhanced_cascade_cv(banglabert->enhanced_banglabert)
326962	None	enhanced_cascade_cv(banglabert->enhanced_banglabert)
234575	Organization	enhanced_cascade_cv(banglabert->enhanced_banglabert)
453456	None	enhanced_cascade_cv(banglabert->enhanced_banglabert)
593020	None	enhanced_cascade_cv(banglabert->enhanced_banglabert)
434776	None	enhanced_cascade_cv(banglabert->enhanced_banglabert)
518131	None	enhanced_cascade_cv(banglabert->enhanced_banglabert)
92931	None	enhanced_cascade_cv(banglabert->enhanced_banglabert)
753774	None	enhanced_cascade_cv(banglabert->enhanced_banglabert)
836880	Society	enhanced_cascade_cv(banglabert->enhanced_banglabert)
190080	Organization	enhanced_cascade_cv(banglabert->enhanced_banglabert)
222161	None	enhanced_cascade_cv(banglabert->enhanced_banglabert)
908819	Community	enhanced_cascade_cv(banglabert->enhanced_banglabert)
597085	Individual	enhanced_cascade_cv(banglabert->enhanced_banglabert)
901448	Individual	enhanced_cascade_cv(banglabert->enhanced_banglabert)
617821	Organization	enhanced_cascade_cv(banglabert->enhanced_banglabert)
316207	None	enhanced_cascade_cv(banglabert->enhanced_banglabert)
